FileIndex	Name
1	Authorizing Ableton Live Offline.txt
2	Ave Maria Waltz.mp3
3	baby coming home export.mid
4	bch one more ti me.mp3
5	Bela Bartok - Concerto for Orchestra, Sz 116 BB 127 [Finale Pesante Presto].mp3
6	Broken Levers 11.9.17.mp3
7	chasing new bangles tab.mid
8	chasing new bangles tab.ptb
9	Circus Tab2 (Cut 3time theme a1).mid
10	Country Drum Beat 120 BPM - DooleyDrums.com.mp3
11	Country Drum Beat 81ish BPM.mp3
12	Directory Song master.mp3
13	Document.docx
14	Dreaming of Life in Review.wav
15	Earth Man .mp3
16	Fleetwood Mac - Never Going Back Again (power tab).ptb
17	Funkdown CheezeMeister1.wav
18	Gossip.mp3
19	Gothic Twilight SHIFTY MIDI.MID
20	Gothic Twilight shifty.mid
21	Gothic Twilight shifty.ptb
22	Gothic Twilight.ptb
23	Island Loops.m4a
24	Jake Hamilton n Folk (Dan, Stefan, Jake).mp3
25	Just About the Dirtiest Thing I've Ever Made.wav
26	Lazy Loader 4.24.2020.mp3
27	Lazy Star Duet (Corona Rendition) spectral edit.wav
28	Lazy Star Duet (Corona Rendition)1.wav
29	lazy-star-orch1.mid
30	link.docx
31	Machine Gun.mid
32	marcusmiller_guitarslick2.mp4
33	MeMe mixed andrew.mp3
34	new-fingerpick-20211126.ptb
35	NewBangles Keys.mid
36	NintendoLand.wav
37	RATBOOT FUCK YEAH.mid
38	Sconchling (Slippery Acoustic).wav
39	son of a sconch.wav
40	song 6 (get it on).ptb
41	Spunky Ave Maria.mp3
42	Talk with Me Cheery Bells 5.25.mp3
43	thanks giving turkeywow.wav
44	Travis Pick Pattern D-C-G1.ptb
45	Wah Pedal Effect (Spae Arp - Copy.mp3
46	Wah Pedal Effect (Spae Arp.mp3
47	Waking Mother.mp3
48	WarDrums Clean.mp3
49	We_re All in It Together - Jake.mp3
50	whammy-jake-andrew-stefan.wav
51	What Do You Know.mp3
52	Wild Onion (Mecha).wav
53	wild onion piano rec best EDIT1.mp3
54	Zeus is Handsome.mp3
55	0001 Horns Aggregate1-1.wav
56	102796934-Oh-Danny-Boy-In-Key-of-C.pdf
57	Dark Raffington the 4th MIDI.mid
58	Dark Raffington the 5MIDI.mid
59	Dark Raffington the Third MIDI.mid
60	Delia tab.ptb
61	delia.mid
62	delia.tg
63	Descending Rhythm in A.mid
64	Funk Mouth Rambler.wav
65	Irish - Danny Boy.gp3
66	Lazy Stars.mid
67	new raff2.mid
68	new riff raff 2.ptb
69	NewMelanKeys_Chords.mid
70	NewMelanKeys_Lead.mid
71	Possible Raffington.ptb
72	Riffard Raff (new MIDI file edit)1.mid
73	Slow Raffington.ptb
74	snakes riff raff midi.mid
75	Somewhere Along the River.ptb
76	Tough Love and G Spot - Brunch Box.mp4
77	walk with me tab original.ptb
78	walk with me tab revisions.ptb
79	Dual Guitars w Drum Machine - Jake.wma
80	Is There Anybody Out There Riff - Jake.wma
81	Live Recording w Drums - Jake Stefan.wma
82	Shitty Metal - Jake Hamilton.wma
83	Sweet Bluesy Song - Jake Hamilton.wma
84	Wavy Wah - Jake Hamilton.wma
85	When jakee was 16 Electric Version.wma
86	Strange Tears  cut 9.38.mp3
87	SunkenGarden5.1.mp3
88	10-Fingerstyle-Jazz-Guitar-Exercises-pdf.pdf
89	138678201-Ave-Maria-Chet-Atkins.pdf
90	180911105-Baby-s-coming-home-2-pdf.pdf
91	234565261-Cannonball-Rag-by-Merle-Travis-pdf.pdf
92	Acoustic-blues-guitar-styles.pdf
93	Arranging-Fingerstyle-Howard-Morgen.pdf
94	blues-guitar.pdf
95	blues2-Course.pdf
96	Buster-B-Jones-Hot-Licks-Rhythms-Grooves.pdf
97	Chet-Atkins-Almost-Alone-Tab-Book.pdf
98	Chet-Atkins-Mister-Sandman.pdf
99	Chet-Atkins-Take-Five.pdf
100	Chord-Melody-Method-Bill-Hart-398.pdf
101	Concepts-Arranging-for-Fingerstyle-Guitar.pdf
102	Contemporary-Travis-Picking.pdf
103	Country-the-Guitar-Style-of-Jerry-Reed-Part-1.pdf
104	Delta-Blues-Guitar-Stefan-Grossman.pdf
105	Fingerpicking-country-blues-guitar.pdf
106	Fingerstyle-Guitar-From-the-Ground-Up-Volume-2.pdf
107	Guitar-Songbook-Kenny-Sultan-Acoustic-Blues-Guitar.pdf
108	Jazz-Guitar-Comping.pdf
109	jazz-guitar-handbook.pdf
110	Jazz-Guitar.pdf
111	Jerry-Reed-Heavy-Neckin-John-Knowles-Sound-Hole.pdf
112	Mississippi-John-Hurt-The-Guitar-of-Volume-1.pdf
113	Pat-Martino-Creative-Force-1.pdf
114	Peter-Green-Guitar-Tab-Book.pdf
115	Peter-Green-s-Fleetwood-Mac.pdf
116	Peter-Green-s-Fleetwood-Mac.txt
117	pickin-like-Chet-Atkins-vol1-1.pdf
118	Right-Hand-Development-for-Jazz-Guitar.pdf
119	Sight-Reading-Guitar-Music-Notes.pdf
120	St-grossman-Country-Blues-Guitar-in-Open-Tunings-on-DVD.pdf
121	Stefan-Grossman-Finger-Picking-Guitar-Techniques-Vol-2-Booklet.pdf
122	The-Guitar-of-Jerry-Reed-Michel-Lelong.pdf
123	Travis-Style-Picking.pdf
124	Asleep All Day.mp3
125	beng.mid
126	Big Bad PCP.wav
127	Bliues Stomper 5.3.2020.mp3
128	borrowed chords piano.wav
129	chasing Bengals new 2.ptb
130	chasing Bengals NEW.mid
131	chasing Bengals.ptb
132	ChasingBange.mid
133	ChasingBange2.mid
134	ChasingBangelNewMidiP1.mid
135	ChasingBangelNewMidiP2 swing.mid
136	ChasingBangelNewMidiP2.mid
137	Country Stuff 32b rec2 0steps 5.19.wav
138	Dendrites Once Roamed These lands.mp3
139	Directory Song 8.3.18.ptb
140	elegance.ptb
141	elegance.wav
142	Freeze 8-8-Audio 1 (Freeze) [2019-12-07 131849].wav
143	funky little talk to me short mono.wav
144	funky little talk to me short revise1.wav
145	Good Mornin Girl Mecha (no normalize).wav
146	Good Mornin Girl Mecha (normalize).wav
147	Gothic Twilight shifty.mid
148	Happy Riff Raff.mid
149	hardsky.png
150	I've got Summer on My Mind 1.ptb
151	Lazy Loader.mp3
152	lifeInReview.mp3
153	lifeInReview.wav
154	Light Finder Pick in G (Or C).ptb
155	Lonesome Bass melody.wav
156	new walk with me piano.ptb
157	newBengalP1 midi.mid
158	NewMelanKeys_Chords.mid
159	Pickery.mp3
160	Ratboot Jamdown5.8.2020.wav
161	Ratboot Never Dies.mp3
162	Ratbot Jam 5.9.mp3
163	Ratbot Jam 5.9.wav
164	riff psycho raff.mp3
165	Riff Raff Great Long Jam (drums and auth guitar).wav
166	riff raff sampler11.5.mp3
167	Riff Rash (Melting Jamboree).wav
168	riff rash variations compiled 11.22.mid
169	riff rash11.5 track.mp3
170	Ripple Fast.mp3
171	Ripple Freeze File.wav
172	Ripple.mp3
173	Ripple.wav
174	Rock Creek (tempo up hybrid).mp3
175	rock creek march.mp3
176	rock creel in space - full master recordings (1).wav
177	rock creel in space - oiginal speed full master recording.wav
178	Same Place Tomorrow.mp3
179	Same Place Tomorrow.wav
180	same-place-tomo-keys.ptb
181	same-placekeys.ptb
182	schmoozy-horndog.mp3
183	shuffle crooners and bells.wav
184	shuffle new edit.mp3
185	shuffle with me(wwm revival) mono trim1.wav
186	spectrum.txt
187	spt 16q test.mid
188	Synthetic Dreams mix2.wav
189	syntheticdreams.mp3
190	tab-bela-fleck---bi-18360-214181432013.pdf
191	third-face-12.4.mp3
192	Three Faces Raw Jam.wav
193	Transist.wav
194	Twilight11.9.mp3
195	voyage-into-sample (main recording).wav
196	voyage.wav
197	What Do You Know (Ohm Shift 1).wav
198	What Do You Know (Ohm).wav
199	What Do You Know remaster(freezeFlat).wav
200	What Do You Know remaster(masterExport).wav
201	What Do You Know remaster1.wav
202	What Do You Know.wav
203	Windowsill.ptb
204	Flecktune Solid Full Band 140bpm.wav
205	lazy star orchestra (new).wav
206	Talk to Me Ochestra trim 1.mp3
207	Talk to Me Ochestra trim 1.wav
208	6-Audio 1 [2019-11-11 105147].wav
209	DreamingOfLifeAlternate1 5 (Freeze) 0006 [2019-11-11 122902].wav
210	procession remix.wav
211	procession remixes (1).wav
212	procession remixes (2).wav
213	procession remixes (3).wav
214	procession remixes (4).wav
215	procession remixes (5).wav
216	riff rash (guitar picking).wav
217	6-5-Audio 1 2 [2019-11-28 214957].wav
218	Becoming Face Three.wav
219	iuyt4.ptb
220	offworld (phased).mp3
221	offworld tabs.ptb
222	Offworld.mp3
223	Offworld.wav
224	pianocombotemp1.mid
225	pianocombotemp1.ptb
226	Section 3 - a revolt [2019-11-28 151918].wav
227	space face-Glass Piano 5.mid
228	space face-Glass Piano 5.song
229	spacearp1.mid
230	spacearp2.mid
231	spaceface-Piano to Pad[custom] 5.mid
232	steeple_3f_1.mid
233	steeple_3f_2.mid
234	Three Faces Raw Jam.wav
235	bass riff.mid
236	main riff highs.mid
237	main riff lows.mid
238	third-face-bass1.mid
239	third-face-tab.ptb
240	goodbassmel.mid
241	goodbassmel.ptb
242	goodbassmel.xml
243	spacefaceguitar.mid
244	7-Audio 0003 [2019-12-05 125840].wav
245	Chitty of Neworlens Bells.mp3
246	Chitty of Neworlens Bells.wav
247	Chitty of Neworlens Lute.mp3
248	Chitty of Neworlens Lute.wav
249	Chitty of Neworlens.mp3
250	Chitty of Neworlens.wav
251	city of bells best rhythm.wav
252	city of bells fast (with bassy ending).wav
253	city of bells fast1.wav
254	City of Noirlans.mp3
255	1hscfqqd.mid
256	292fiu7l.mid
257	4twpgfzj.mid
258	6yost1n4.mid
259	879dq894.mid
260	appalachian springs chords.ptb
261	d5em47fc.mid
262	f8ifkj5r.midi
263	iq1nz0t3.midi
264	k21ba2ti.midi
265	lkhnllrj.midi
266	mpg310qw.midi
267	Country Stuff 32b rec2 0steps 5.19.wav
268	Freeze 10-country stuff rec1 [2020-05-19 231644].wav
269	Freeze 9-Audio [2020-05-19 231320].wav
270	lets-make-a-deal(light and no drums).wav
271	skinny.mid
272	skinny.ptb
273	skinny2.mid
274	skinny2.ptb
275	Untitle2d.mid
276	Untitled.mid
277	Untitled.tg
278	whats-the-skinny-125b.wav
279	whats-the-skinny-bass-legato1.mid
280	whats-the-skinny-bass-reg.mid
281	whats-the-skinny-lead1.mid
282	whats-the-skinny-lead2.mid
283	whats-the-skinny-midi.wav
284	whats-the-skinny-rhythm1.mid
285	whats-the-skinny-rhythm2.mid
286	whats-the-skinny-trans-3.mp3
287	whats-the-skinny-v2-full.mid
288	whats-the-skinny-v2-full.ptb
289	whats-the-skinny2-trans-3.mp3
290	whats-the-skinny6.1 master.wav
291	whats-the-skinny6.1-1.mp3
292	9-Audio 0001 [2020-05-19 205133].wav
293	9-Audio 0001 [2020-05-19 215932].wav
294	9-Audio 0003 [2020-05-19 223948].wav
295	9-Audio 0005 [2020-05-19 225121]-1.wav
296	9-Audio 0006 [2020-05-19 225128].wav
297	whats the skinny tab - p1 v2.pdf
298	whats the skinny tab - p1.pdf
299	dark beeps 2.ptb
300	dark beeps.mp3
301	Dark Beeps.ptb
302	Dark Beeps.tg
303	dark beeps.wav
304	Dark Raff Rump Shaker.mid
305	Dark Raff Space Beeps 2.mid
306	Dark Raff Space Beeps 3.mid
307	6-5-Audio 1 0003 [2019-12-23 234918].wav
308	space face 3 face.mp3
309	space face 3 face.wav
310	space face 3 trim1.mp3
311	space face 3 trim1.wav
312	Dreaming of Life in Review.mp3
313	Dreams of Life Alt1.mp3
314	Dreams of Life Alt1.wav
315	untitled.mp3
316	Aggressive Space (Drums and piano-old1.wav
317	Aggressive Space (Drums and piano.wav
318	Aggressive Space Edit 10.25.mp3
319	Aggressive Space Edit 10.25.wav
320	Gothic all fucked up.mp3
321	Gothic Twlight All Grown Up cleaner version.mp3
322	Gothic Twlight All Grown Up cleaner version.wav
323	inca dorian so sad.mp3
324	inca new 2.wav
325	inca steeple solo1.mp3
326	inca-roads-steeple-solo.mp3
327	inca-roads-steeple-solo.wav
328	inca_new11.10 [2019-11-11 001253].wav
329	NEW INCA DETUNED.mp3
330	NEW INCA DETUNED.wav
331	new inca11.10.mp3
332	new inca11.10.wav
333	new inca_steeple_chaser11.10.mp3
334	new inca_steeple_chaser11.10.wav
335	8-8-Audio 1 (Freeze) 0002 [2019-12-22 104126].wav
336	8-Audio 0001 [2019-12-22 102755].wav
337	jerrys breakdown.mp3
338	jerrys mecha breakdown freeze file.wav
339	jerrys_mecha-breakdown.mp3
340	Joey's Spacey Place-louder1.wav
341	Joey's Spacey Place-old1.wav
342	Joey's Spacey Place.mp3
343	Joey's Spacey Place.wav
344	Lazy Star Acoustic.wav
345	lazy star orchestra revised.wav
346	lazystar remaster.mp3
347	LazyStar_MonoLeftBass.wav
348	LazyStar_MonoRightTreb.wav
349	Big Bad PCP Man.mp3
350	SwingingDickDrumTrack.wav
351	SwinginWithDrums_GoodRec.wav
352	New Chasing Bengals.ptb
353	New Chasing Bengals.wav
354	newBangelGuitar1.mid
355	newBengalP1 midi.mid
356	6-Audio 0001 [2019-11-01 160437].wav
357	6-Audio 0003 [2019-11-01 161346].wav
358	6-Audio 0005 [2019-11-01 161513].wav
359	6-Audio 0007 [2019-11-01 161848].wav
360	new proc edit.wav
361	prcession hybrid.mp3
362	prcession hybrid.wav
363	procession 10.31 trans2.mp3
364	procession 10.31 trimmed-old1.wav
365	procession 10.31 trimmed.mp3
366	procession 10.31 trimmed.wav
367	procession bells (not warped).mp3
368	procession bells (not warped).wav
369	procession bells (trans down 3 complex pro).mp3
370	procession bells (trans down 3 complex pro).wav
371	procession bells (trans down 3).mp3
372	procession bells (trans down 3).wav
373	procession bells 10.28.mp3
374	procession bells 10.28.wav
375	procession bells p1.mid
376	procession bells p2.mid
377	procession bells p3.mid
378	procession bells p4.mid
379	procession combo SHODDY.ptb
380	procession combo1.mid
381	procession combo1.ptb
382	procession combo2.mid
383	Procession Drums MIDI.mid
384	procession guitar chord experiment.mp3
385	procession guitar chord experiment.wav
386	Procession new bass and drums 10.31 track.mp3
387	Procession new bass and drums 10.31 track.wav
388	Procession new bass and drums 10.31.mp3
389	Procession new bass and drums 10.31.wav
390	procession short rock fixed.wav
391	procession trasns trimmed1.wav
392	procession with a swing.mid
393	procession with pretty lady-old1.wav
394	procession with pretty lady.mp3
395	procession with pretty lady.wav
396	procession(revise1).wav
397	procession.mp3
398	procession.wav
399	6-6-Audio 3 (Freeze) 0004 [2019-10-12 102536].wav
400	6-Audio 0003 [2019-10-11 193600].wav
401	procession bells 11.1 recs (2).wav
402	procession bells 11.1 recs (3).wav
403	procession bells 11.1 recs (4).wav
404	procession bells 11.1 recs (1).wav
405	dark beeps.mp3
406	dark beeps.wav
407	riff rash 16 new.ptb
408	riff rash 16 new.tg
409	riff rash 16q.mid
410	riff rash 16q.ptb
411	riff rash original riff.mid
412	riff rash remix pretty.wav
413	riff rash revisions (8bar).mid
414	riff rash revisions (8bar).ptb
415	riff rash revisions.mid
416	riff rash revisions.ptb
417	riff rash sampler11.5.wav
418	riff rash variatio32.mid
419	riff rash variatio32.ptb
420	riff rash variation 1 (in bass view).mid
421	riff rash variation 1 (in bass view).ptb
422	riff rash variation2.mid
423	riff rash variation2.ptb
424	riff rash variations compile1.mid
425	riff rash variations compile1.ptb
426	riff rash variations compile1.tg
427	riff rash with staggered lengths.mid
428	riff rash with staggered lengths.ptb
429	riff rash.mid
430	riff rash11.5 track.mp3
431	riff rash11.5 track.wav
432	riff rash_4q.mid
433	riff rash variations compile1.tab
434	riff rash variations compile1.xml
435	page-0.png
436	page-1.png
437	page-2.png
438	page-3.png
439	page-4.png
440	page-5.png
441	page-6.png
442	page-7.png
443	riff rash with staggered lengths.wav
444	flecktune edit1.wav
445	new riverbend orchestra.mp3
446	new riverbend orchestra.wav
447	new riverbend orchestra2.mp3
448	new riverbend orchestra2.wav
449	NewOrleans.mid
450	newriverbendTab.mid
451	newriverbendTabFast.mid
452	Riverbend edit no drums 9.28.mp3
453	riverbendNew.mid
454	riverbend_bassNew.mid
455	Rivers Bend.wav
456	riversbend-new-llong.ptb
457	riversbend-tabrevised.mid
458	riversbend-tabrevised.ptb
459	riversbend-tabrevised2.wav
460	Rock Creek (mixed two older mixes together).mp3
461	Rock Creek (riverbend fixed balance).mp3
462	rock creek freak out edit1.mp3
463	rock creek freak out edit1.wav
464	7-Full_Hat_beat_134 0001 [2019-12-07 122504].wav
465	7-Full_Hat_beat_134 0002 [2019-12-07 122518].wav
466	Sadness of Ratboot-old1.wav
467	Sadness of Ratboot.mp3
468	Sadness of Ratboot.wav
469	Sadness of Ratboot10.13.wav
470	Sadness of Ratboot10.13.wav
471	Sadness of Ratboot10.16.mp3
472	Sadness of Ratboot10.16.wav
473	StrangeTears [2019-09-29 181917].wav
474	Same Place Tomorrow midi cut.mid
475	Same Place Tomorrow trim and rev1.mid
476	Same Place Tomorrow trim and rev1.ptb
477	Same Place Tomorrow trim and rev2.mid
478	Same Place Tomorrow trim and rev2.ptb
479	Same Place Tomorrow variations onl.mid
480	Same Place Tomorrow.mid
481	Same Place Tomorrow.mid.tg
482	Same place tomorrow.mp3
483	Same Place Tomorrow.ptb
484	Same place tomorrow.wav
485	same-place-tomo-jam1.mp3
486	same-place-tomo-jam1.wav
487	same-place-tomo-rev1.mp3
488	same-place-tomo-rev1.wav
489	same-place-tomo-revMidi-p1.mid
490	same-place-tomo-revMidi-p2.mid
491	sasasa.gp
492	sasasa.mid
493	talk with me tab1.19.20 (1).ptb
494	talk with me tab1.19.20.ptb
495	Untitled.mid
496	Untitled.ptb
497	walk with me walltz.mid
498	walk with me walltz.ptb
499	walk with me walltz2.mid
500	walk with me walltz2.ptb
501	walk with me waltz revise.mid
502	walk with me waltz revise.ptb
503	wwm piano and clarinet 1.mp3
504	wwm piano and clarinet 1.wav
505	wwm waltz.mid
506	wwm waltz2.mid
507	5-Audio 0001 [2020-01-21 045805].wav
508	7-Audio 0001 [2020-01-22 100348].wav
509	8-Audio 0001 [2020-01-22 103948].wav
510	bells piano arp.mid
511	bells piano swm.mid
512	Label Track.txt
513	remaster 0001 [2019-12-25 164127].wav
514	shuffle piano theme solo.wav
515	Shuffle with Me (remaster Freeze).wav
516	shuffle with me main tab.mid
517	shuffle with me main tab.ptb
518	shuffle with me main tab.tg
519	shuffle with me main tab.wav
520	shuffle with me main tab.xml
521	shuffle with me remaster (mono).mp3
522	shuffle with me(wwm revival) mono no effects addedtrim1.mp3
523	shuffle with me(wwm revival) mono no effects addedtrim1.wav
524	shuffle with me(wwm revival) mono trim1.mp3
525	shuffle with me(wwm revival) trim1.mp3
526	Shuffle With Me.mid
527	swm arp clip.mid
528	swm bells1.mid
529	swm full original.wav
530	swm label track.txt
531	swm mono effects added spectrum.txt
532	swm mono no effects added spectrum.txt
533	swm piano clip 1.mid
534	swm piano.mid
535	swm space arp.mid
536	talk with me tab1.19.20 2-HAMTOP2000.wav
537	talk with me tab1.19.20 2.pdf
538	talk with me tab1.19.20 2.ptb
539	talk with me tab1.19.20 2.wav
540	talk with me tab1.19.20 2.xml
541	talk with me tab1.19.20 3.mid
542	talk with me tab1.19.20 3.ptb
543	talk with me tab1.19.bass.wav
544	talk with me tab1.19.song
545	remaster 1 [2019-12-25 170311].wav
546	shuffle w me - great opener and theme theme part1 [2019-12-25 064408].wav
547	shuffle with me - arp chord _ heavy theme pass _ arp adventure [2019-12-25 064236].wav
548	shuffle w me master remaster freeze.wav
549	The Steam Powered Man1 (trim).wav
550	The Steam Powered Man2 (trim).wav
551	The Steam Powered Man3 (trim).wav
552	The Steam Powered Man4 (trim).wav
553	The Steam Powered Man5 - he sings (trim).wav
554	steeple chaser bullshit.mp3
555	steeple chaser chords1.ptb
556	Steeple Chaser sampler.mp3
557	steeple chasser sad (inca riff).mid
558	steeple-chords-dissonant.mid
559	steeple-chords-dissonant.ptb
560	steeple-riff-arp -recording.mid
561	steeple-riff-arp modifed.mid
562	steepleCHaserRiffage.mid
563	7-Audio 0001 [2019-12-28 193313].wav
564	7-Audio 0003 [2019-12-28 205700].wav
565	shuffle amped up2.27.wav
566	Shuffle w Me Remixed edit for phone speakers.mp3
567	Shuffle w Me Remixed edit for phone speakers.wav
568	Shuffle w Me Remixed post-ableton 12.27 115.mp3
569	Shuffle w Me Remixed post-ableton 12.27 115.wav
570	Shuffle w Me Remixed post-ableton 12.27.mp3
571	Shuffle w Me Remixed post-ableton 12.27.wav
572	Shuffle w Me Remixed post-ableton-audacity 2 12.27 115.wav
573	shuffle with me master (remaster).wav
574	shuffle with me newest trim and mix-old1.wav
575	shuffle with me newest trim and mix.mp3
576	shuffle with me newest trim and mix.wav
577	shuffle with me newest trim and mix0.wav
578	shuffle with me newest trim and mix2.wav
579	shuffle with me(wwm revival) trim1.wav
580	talk with me tab1.19.20 2-HAMTOP2000.ptb
581	talk with me tab1.19.20 2.mid
582	talk with me tab1.19.20 2.ptb
583	talk with me tab1.19.20.mid
584	talk with me tab1.19.20.ptb
585	talk with me(shuffle with me) main tab.mid
586	Talk with Me.mp3
587	TalkWithMe_p1_8v_rev1.17.20.mid
588	TalkWithMe_p1_rev1.17.20.mid
589	TalkWithMe_p2_rev1.17.20.mid
590	Untitled.mid
591	Travis Pickery1.mp3
592	Travis Pickery1.wav
593	Travis Picking Pattern1 (Em to A).mid
594	Travis Picking Pattern1 (Em to A).ptb
595	twilight pianos.ptb
596	001 - The Wild Onion Main consolidatedTab.ptb
597	001 - The Wild Onion Main Tab - Copy.ptb
598	001 - The Wild Onion Main Tab.mid
599	001 - The Wild Onion Main Tab.ptb
600	flecktones short fullband edit1.mp3
601	flecktones short fullband edit1.wav
602	flecktune fullband short(130bpm).wav
603	flecktune-midieditorversion.ptb
604	flecktuneRecordingTab.ptb
605	flecktunes other good pianos short.mp3
606	flecktunesPianos(fromBandSession).wav
607	flecktunesPianos140-130-doubleslow.mp3
608	flecktunesPianos140-130-doubleslow.wav
609	flectunes-doubleslow.ptb
610	flectunes-doubleslow.wav
611	flectunes-doubleslow.xml
612	mecha wild onion rec1.wav
613	The Wild Onion(main full short).wav
614	Wild Onion new accompany 4.9.20.mid
615	wild onion piano rec best EDIT2.wav
616	Wild Onion use for new themes Diddley 4.9.20.mid
617	WOnion use for new themes Steeple Wild Onion.mid
618	mecha onion 4.19.mp3
619	mecha wild onion.mp3
620	steeple wild onion 1.wav
621	wild onion full steeple.wav
622	wild onion piano rec 1.wav
623	wild onion piano rec best EDIT1.wav
624	wild onion piano rec best.mp3
625	wild onion piano rec best.wav
626	wild onion space piano rec.wav
627	wild onion steeple recs (1).wav
628	wild onion steeple recs (2).wav
629	Wild Steeple.wav
630	Freeze 7-7-Audio 1 (Freeze) [2020-04-18 174617]-1.wav
631	Freeze 7-7-Audio 1 (Freeze) [2020-04-18 174617].wav
632	Freeze 7-mecha onion calculus 4.17 (Freeze) [2020-04-18 175331]-1.wav
633	Freeze 7-mecha onion calculus 4.17 (Freeze) [2020-04-18 175331].wav
634	Wild Onion (Mecha).wav
635	Flecktune Slendro Best Bass12.10.mid
636	Flecktune Slendro Best P1 12.10.mid
637	Flecktune Slendro Best P2 12.10.mid
638	flecktune temp midi.mid
639	flecktuneP1.mid
640	FlecktuneP2.mid
641	flecktunes double slow p2.mid
642	flectunes-doubleslow.mid
643	Slendro Piano1.mid
644	Slendro Piano2.mid
645	WOnion Use for Theme B - flecktunes double slow p.mid
646	9-12-Audio 1 0003 [2019-12-09 090726].wav
647	flecktune Slendro Bass and Pianos-1.mp3
648	flecktune Slendro Bass and Pianos-1.wav
649	Flecktune Solid Full Band long.wav
650	Freeze 10-flecktunePianoRecording(from BandSession) [2019-12-09 092115].wav
651	Freeze 10-flecktunesFullBand140-130-doubleslow [2019-12-09 092808].wav
652	flecktune blues revision2.mid
653	flecktune blues revision2.ptb
654	flecktune blues trimmed revision 4.mid
655	flecktune blues trimmed revision 4.ptb
656	flecktune blues trimmed revision 4.song
657	flecktune blues trimmed revision 4.tg
658	flecktune Slendro Bass and Pianos Best Blues.mp3
659	flecktune Slendro Bass and Pianos Best Blues.wav
660	flecktuneBluesRevised1SVG.docx
661	flecktunes full blues edited bass1.mid
662	flecktunes full blues edited bass1.ptb
663	flecktunes full blues tab.mid
664	flecktunes full blues tab.ptb
665	Wild Onion Blues.wav
666	7-Two One Two-95bpm 0001 [2020-01-25 143525].wav
667	To One Too (1).wav
668	To One Too (2).wav
669	The Definitive Twilight.wav
670	tone.mp3
671	twilight bouncing bass11.9.mid
672	twilight cut proj.wav
673	Twilight cut up10.28.wav
674	Twilight cutup.mp3
675	twilight new cut.wav
676	Twilight Orchestra.mp3
677	Twilight Orchestra.wav
678	twilight piano111.9.mid
679	Twilight-ending3.mid
680	twlight cjut 3.mp3
681	twlightcut3.mp3
682	voyage-freeze-files (1).wav
683	voyage-into-sample (1).wav
684	voyage-into-sample (2).wav
685	voyage-into-sample (4).wav
686	voyage-into-sample (5).wav
687	0002 4-Audio.wav
688	Birth of a Reggae Rhythm.wav
689	C-F Chords.mp3
690	Summertime (Winter Too).wav
691	WORKONTHIS - TrippySoundsNeedRview.wav
692	Millertime1.mp3
693	Summertime (Winter Too).mp3
694	0005 3-Audio.wav
695	Cruisin CyberSpace.wav
696	Mondo Space Drums.wav
697	Slow Metal Robo Drum with New Orleans.wav
698	Electric Space Pulse Extract - for soundcloud.wav
699	Electric Space Pulse Extract - remix1.mp3
700	Electric Space Pulse Extract - remix1.wav
701	Electric Space Pulse Extract - remix2-old1.wav
702	Electric Space Pulse Extract - remix2.wav
703	Extended Recording - Strutting Cyber Rhythm.wav
704	Life Pulse (Bold).mp3
705	Life Pulse (Bold).wav
706	Life Pulse.mp3
707	a memory 9.23 remaster.wav
708	a memory remains remaster master.wav
709	a memory remaster re-remaster.mp3
710	A Month and a Half (Feels Much Longer).wav
711	Month and a Half.wav
712	Smooth Banshee Squeels and Moans AMAH.wav
713	5-Audio 0001 [2019-09-24 204650].wav
714	aggressive space cut 2.mp3
715	Aggressive Space far out.mp3
716	agrospace1.mp3
717	agrospace1.wav
718	sectionLabels.txt
719	ARemarkYouMade.mid
720	Chameleon.mid
721	chamelpart1.mid
722	chamelpart2.mid
723	Entertainer.mid
724	JerrysBreakdown.mid
725	lstarstab2.mid
726	RomanticWarrior.mid
727	WatermelonInEasterHay(2).mid
728	WatermelonMan.mid
729	WhatsNewInBaltimore.mid
730	WhippingPost.mid
731	AURLITE1.WAV
732	Aurora (edit 1).mp3
733	Aurora (edit 2 fast).mp3
734	AURORA.mp3
735	AURORA01.WAV
736	AURORA02.WAV
737	Aurora1.mp3
738	Ave Maria Waltz.mp3
739	Ave Maria1 w delayed melody1.ptb
740	Ave Maria1.ptb
741	sectionpic.bmp
742	Babe in the Woods draft1.29.19.mp3
743	Just A Couple Bros Getting Some Ice Cream On Sunday.mp3
744	Mozyin Yon Down Mstr.mp3
745	Mozyin Yon Down Mstr.wav
746	Mozyin Yon Down.mp3
747	Mozyin Yon Down.wav
748	Baby's Coming Home Tab 2.5.18.pdf
749	Babys Coming Home Capo2 - good7.15.21.ptb
750	Babys Coming Home Capofast1.mp3
751	Babys Coming Home1 - Bass and Treb Separated1.ptb
752	Back Alley  Funk  (Chromatijazz).mp3
753	Good Back Alley Funk.wav
754	Birdland.wav
755	Blues Vamp New with Lead.mp3
756	Blues Vamp New with Lead.wav
757	BluesCoolTrack.wav
758	Cool Blues.mp3
759	Cool Blues.wav
760	Blue Speed.mp3
761	Bluesin USA Main.wav
762	Bus Ride New.mp3
763	Excellent  urgent Blues (lick1).wav
764	Excellent  urgent Blues (lick2).wav
765	Broke and Alone2020.ptb
766	Broke and Alone9.24.mid
767	Broke and Alone9.24.ptb
768	Jarbles Feelin Blue Motif.mp3
769	Jarbles Feeling Blue Master.wav
770	Jarbles Feeling Blue.wav
771	Mecha Funtown1.mp3
772	Mecha Jarbles Blue in Space.mp3
773	Blind Boy Bounce MAster.wav
774	Blind Boy Bounce.wav
775	Blind Boy2 master.wav
776	B levers Dan's Bass Riff1.jpg
777	B levers full band score1.jpg
778	BROKEN LEVERS (DAN).wav
779	BROKEN LEVERS 2 (DAN).wav
780	Broken Levers 85 tabs.mid
781	Broken Levers Acoustic 2.mp3
782	Broken Levers Acoustic midi2.mid
783	Broken Levers Additions (NO BUILD UP)1.ptb
784	Broken Levers Additions (WITH BUILD UP) midi1.mid
785	Broken Levers Additions (with build up) mp31.mp3
786	Broken Levers Additions (WITH BUILD UP)1.ptb
787	Broken Levers Additions (WITH BUILD UP)2.ptb
788	Broken Levers Additions (WITH BUILD UP)3.ptb
789	Broken Levers Additions (WITH BUILD.mp3
790	Broken Levers BASS EXPERIMENT1 tabs.ptb
791	Broken Levers BASS EXPERIMENT2 tabs.ptb
792	Broken Levers BASS EXPERIMENT3 tabs.mid
793	Broken Levers BASS EXPERIMENT3 tabs.mp3
794	Broken Levers BASS EXPERIMENT3 tabs.ptb
795	Broken Levers Full Instrument demo2.mp3
796	Broken Levers SA Sheet2.jpg
797	Broken Levers tab midi1.mid
798	Broken Levers tab1.ptb
799	Broken Levers tab2 (Additional Section1).ptb
800	Dissonance Tab1 (Import version1).ptb
801	Dissonance Tab1 midi.mid
802	Fun Town5 midi1.mid
803	The Whispering Breezes.mp3
804	Bleversmp3 w Metro1.mp3
805	BLeversWav 5.22.18.wav
806	Broken Levers Full No Metronome1.mp3
807	BLevers_bass5.22.18.mid
808	BLevers_Lead5.2218.mid
809	BLevers_Rhyth5.22.18.mid
810	Broken Levers Full Midi1.mid
811	Band Profile Pic1.jpg
812	julien profile1.jpg
813	julien profile2.jpg
814	P1030890.JPG
815	P1030891.JPG
816	P1030892.JPG
817	P1030893.JPG
818	P1030894.JPG
819	P1030895.JPG
820	P1030896.JPG
821	P1030897.JPG
822	P1030898.JPG
823	P1030899.JPG
824	P1030900.JPG
825	P1030900.MOV
826	P1030901.JPG
827	P1030902.JPG
828	P1030903.JPG
829	P1030904.JPG
830	P1030905.JPG
831	P1030906.JPG
832	P1030907.JPG
833	Tough Love and G Spot - Brunch Box.mp4
834	6-4-Audio 1 0002 [2019-05-24 151409].wav
835	0001 5-Audio-1.wav
836	chase bangs riff.ptb
837	Chasing Bangels (pretty space).wav
838	Chasing Bangels.mp3
839	Chasing Bangels.wav
840	Chasing Bangels9.8.19.mid
841	Chasing Bangles, Phase Andrew.mp3
842	Chasing Bangles, Phase II.mp3
843	ChasingBangles1.mp3
844	chasingBengal.wav
845	Freeze Mecha Bangels [2019-01-02 223822].wav
846	newBanglesIntro.wav
847	newBanglesTrack1.mp3
848	newChasingBangelsTab.ptb
849	Promising ENd.wav
850	Sconch Guitar.mp3
851	Sconch Guitar.wav
852	ChasingBangels - Sconch Main Diddley.mp3
853	Sconch Guitar.mp3
854	baby coming home export.mid
855	ChasingBangelNewMidi1.mid
856	CityofNewOrleans.mid
857	Entertainer.mid
858	IllSeeYouInMyDreams.mid
859	JerrysBreakdown.mid
860	StLouisBlues.mid
861	Vincent.mid
862	Back Alley  Funk  (Chromatijazz).mp3
863	Back Alley  Funk  (Chromatijazz).wav
864	ChromaJAM1.mp3
865	ChromaJAM1.wav
866	ChromatiJazz tab4.mid
867	We're All in It Together.wav
868	We're All in It Together2.wav
869	We're All in It Together9.10.mp3
870	Conversational Semantics full1.wav
871	064 Ballad ST Feel 065 A.mid
872	064 Ballad ST Feel 065 B.mid
873	064 Ballad ST Feel 065 F2 S.mid
874	064 Ballad ST Ride 065 F.mid
875	064 Ballad ST Ride 065 F3 P.mid
876	069 Ballad Shuffle Feel 070 A.mid
877	069 Ballad Shuffle Feel 070 B.mid
878	069 Ballad Shuffle Feel 070 F5 B.mid
879	100 42TF 100 A.mid
880	100 42TF 100 B.mid
881	100 42TF 100 F2 R.mid
882	100 Cajun 100 02 A.mid
883	100 Cajun 100 02 F1 R.mid
884	100 Heartbeat B.mid
885	100 Heartbeat F2 S.mid
886	109 2-Beat 110 A.mid
887	109 2-Beat 110 D.mid
888	109 2-Beat 110 F5 S.mid
889	109 42TF 110 A.mid
890	109 42TF 110 C.mid
891	109 42TF 110 F2 S.mid
892	120 C Rock 120 A.mid
893	120 C Rock 120 B.mid
894	120 C Rock 120 F3 S.mid
895	120 HB 120 B.mid
896	120 HB 120 D Bell.mid
897	120 HB 120 F5 P.mid
898	120 Shuffle 120 01 D.mid
899	130 Train 130 A.mid
900	130 Train 130 C.mid
901	130 Train 130 F4 R.mid
902	140 Shuffle 140 A.mid
903	140 Shuffle 140 B.mid
904	140 Shuffle 140 F3 F.mid
905	140 Shuffle 140 Linear 01 B.mid
906	180 Backbeat 180 A.mid
907	180 Backbeat 180 C.mid
908	180 Backbeat 180 F6 C.mid
909	180 Qtr Ride 180 A.mid
910	180 Qtr Ride 180 C.mid
911	180 Qtr Ride 180 F2 S.mid
912	190 Do Biddley 190 01 A.mid
913	Danny boy.mp3
914	Danny boy.wav
915	Danny Boy7.14.19.mp3
916	dark beeps space deep.mp3
917	dark beeps space deep.wav
918	new space guitar mix.mp3
919	new space reduced.mp3
920	Desolation.mp3
921	DesolationRev2.mp3
922	Impressionism1 (2).png
923	Impressionism1.png
924	impressionismGreen.png
925	Proto-Desolation.mp3
926	Deso2(Whistler) [2019-06-21 082942].wav
927	Deso4_FunkMo6_MultiVoice [2019-06-21 082945].wav
928	Desolation  Monks.wav
929	Desolation Distorty Voice.wav
930	Desolation Emotional Peak Climax.wav
931	Desolation Hits the Thrusters.wav
932	Desolation MultiVoice1.wav
933	Desolation1 [2019-06-21 082941].wav
934	TheSeriousJam-SynthLead16m [2019-05-19 235444].wav
935	Desolation_RecFull_6.21.19.wav
936	1 Deso2(Whistler) [2019-06-21 082942].wav
937	2 Deso3_FunkMo1 [2019-06-21 082942].wav
938	3 Deso4_FunkMo2(PickPartsToKeeP) [2019-06-21 082942].wav
939	Deso4_FunkMo3_Sauce [2019-06-21 082943].wav
940	Deso4_FunkMo3_Sus [2019-06-21 082943]-1.wav
941	Deso4_FunkMo3_Sus [2019-06-21 082943].wav
942	Deso4_FunkMo5_MostVox [2019-06-21 082943].wav
943	Deso4_FunkMo6_ChorusHard [2019-06-21 082944].wav
944	Deso4_FunkMo6_ChorusHard2 [2019-06-21 082944].wav
945	Deso4_FunkMo6_ChorusHardMelt [2019-06-21 082945].wav
946	Deso4_FunkMo6_ChorusSus [2019-06-21 082944].wav
947	Deso4_FunkMo6_MostVox [2019-06-21 082944].wav
948	Deso4_FunkMo6_MultiVoice [2019-06-21 082945]-1.wav
949	Deso4_FunkMo6_MultiVoice [2019-06-21 082945].wav
950	Desolation1 [2019-06-21 082941].wav
951	Bootheelp1_Alternative-Extended.mp3
952	Bootheelp1_Alternative-Extended.wav
953	Dreaming of Life Horns Midi.mid
954	Dreaming of Life Long Jam.wav
955	Dreaming of Life Main Theme Tab.ptb
956	Dreaming of Life Piano1 Midi.mid
957	Dreaming of Life Piano2 Midi.mid
958	Dreaming of Life pianosTheme Tab merge.ptb
959	Dreaming of Life pianosTheme Tab.ptb
960	Dreaming of life Revisted (Bootheel, p3) scratch.mp3
961	Dreaming of life Revisted (Bootheel, p3) scratch.wav
962	Dreaming of Life Theme Melody Lute Midi.mid
963	Dreams of Life Alt1.mp3
964	Dreams of Life Alt1.wav
965	Dreams of Life Redux.mp3
966	Dreams of Life Redux.wav
967	Dreams of Piano edit1.wav
968	Freeze 9-9-DreamingOfLifeAlternate1 5 [2019-08-01 201806].wav
969	Lonely When Alone(Original Bootheel).mp3
970	Original Bootheel (pre final recording).wav
971	DreamOfLife2 (Edit1).mp3
972	DreamOfLife2 (Edit2 norm).mp3
973	DreamOfLifeAltMaster.mp3
974	DreamOfLifeAltMaster.wav
975	Bootheel p2 (Original Full).wav
976	Dream of Life (Bootheel) p2 edit.mp3
977	Dreaming of Life p2 (Bootheel).mp3
978	Dreaming of Life p2 (Bootheel).wav
979	Dream of Life (Recording file).wav
980	Dreaming of Life.mp3
981	Dreaming of Life.wav
982	Record-to1 8 [2019-06-15 144052].wav
983	To Dream of Life Edit.mp3
984	Dreaming of Life in Review.wav
985	life-in-review.wav
986	Early Morning Bus (Somber, short).wav
987	EarlyMorningBusNew_BadBoysTheme.wav
988	Far Out Space Drums.wav
989	Earthman.mp3
990	Earthman.wav
991	Electricity Beat.wav
992	Ominous Space Noise Goes to France 7.24.18.mp3
993	Sparks 7.24.18.mp3
994	LICENSE.txt
995	README.txt
996	ffprobe.xsd
997	Final Word MIDI Solo1.mp3
998	Final Word mp31.mp3
999	Waking Mother.mp3
1000	The Final Word w click.mp3
1001	The Final WordMP3 - 2.mp3
1002	Final Word - Accomp MIDI 1.mid
1003	Final Word - Bass MIDI 1.mid
1004	Final Word - Lead MIDI 1.mid
1005	The Final Word Full Midi 4.26.mid
1006	The Final Word (Power Tab).ptb
1007	Working Lyrics.txt
1008	TFW Bass MIDI1.mid
1009	TFWBassW1.wav
1010	TFWG1.wav
1011	TFWG2.wav
1012	The Final Word full1.mid
1013	The Final Word MIDI1.mid
1014	The Final Word Midi4.26.mid
1015	The Final Word MP34.26.mp3
1016	Final Word - Accomp MIDI 1.mid
1017	Final Word - Accomp MP3 1.mp3
1018	Final Word - Bass MIDI 1.mid
1019	Final Word - Bass MP3 1.mp3
1020	Final Word - Lead MIDI 1.mid
1021	Final Word - Lead MP3 1.mp3
1022	Final Word - Accomp MP3 1.mp3
1023	Final Word - Bass no click1.mp3
1024	Final Word - Bass w Click1.mp3
1025	Final Word - Lead MP3 1.mp3
1026	Freeze 3-Audio-1.wav
1027	Freeze 3-Audio-2.wav
1028	Freeze 3-Audio-3.wav
1029	Freeze 3-Audio.wav
1030	Freeze 6-Audio-1.wav
1031	Freeze 6-Audio-2.wav
1032	Freeze 6-Audio.wav
1033	Freeze 7-Audio.wav
1034	Funtown Funk Molten.mp3
1035	Funtown Funk Molten.wav
1036	FunTown Orignal Set Recording.wav
1037	Mecha FunTown 2.mp3
1038	Mecha Funtown Jam1.mp3
1039	Mecha FunTown New.mp3
1040	Fun Town 6 extend C midi1.mid
1041	Fun Town 6 extend C midi1.mp3
1042	Fun Town Draft1.mp3
1043	Fun Town Lyrics Scratch1.txt
1044	Fun Town1.ptb
1045	Fun Town2.ptb
1046	Fun Town3.ptb
1047	Fun Town4.ptb
1048	Fun Town5 midi1.mid
1049	Fun Town5 midi2.mid
1050	Fun Town5 midi2.mp3
1051	Fun Town5 PRACTICE1.ptb
1052	Fun Town5 short version1 midi.mid
1053	Fun Town5 short version1 mp3.mp3
1054	Fun Town5 short version2 midi.mid
1055	Fun Town5 short version2 mp3.mp3
1056	Fun Town5.ptb
1057	Funtown 5.21.mid
1058	Boo House Music.mp3
1059	Boo House Music.wav
1060	Doom Music.wav
1061	Fuzzy Molten Funk Masterwav.mp3
1062	Fuzzy Molten Funk Masterwav.wav
1063	Fuzzy Molten Funk Mouth.mp3
1064	Fuzzy Molten Rumination andrew.mp3
1065	Glaciers (Best Old Recording, No Drums).mp3
1066	Glaciers in F Lydian.mp3
1067	Glaciers Master 5.26.wav
1068	Glaciers Melt (Long Original).wav
1069	Glaciers.mp3
1070	F Lydian Master1.mp3
1071	Glaciers in F Lydian.mp3
1072	Glaciers.mp3
1073	F Lydian Lyrics1.txt
1074	F Lydian midi new theme B1.mid
1075	F Lydian midi new theme B1.mp3
1076	F Lydian Practice tab1.ptb
1077	F Lydian Sixteen Note fill1.ptb
1078	F Lydian tab new1.mid
1079	F Lydian tab new1.mp3
1080	F Lydian tab1.ptb
1081	F Lydian tab2.ptb
1082	F mixo1 drums.h2song
1083	F Mixolydian midi1.mid
1084	F Mixolydian mp31.mp3
1085	F Mixolydian tab1.ptb
1086	F Mixolydian tab2.ptb
1087	FLYD0001.WAV
1088	Flyd1.wav
1089	Flyd2.wav
1090	FMdrums1.wav
1091	Fmdrums2.wav
1092	FMixo1.wav
1093	FMixo2.wav
1094	F Lydian Lyrics1.txt
1095	F Lydian midi new theme B1.mid
1096	F Lydian midi new theme B1.mp3
1097	F Lydian Practice tab1.ptb
1098	F Lydian Sixteen Note fill1.ptb
1099	F Lydian tab new1.mid
1100	F Lydian tab new1.mp3
1101	F Lydian tab1.ptb
1102	F Lydian tab2.ptb
1103	F mixo1 drums.h2song
1104	F Mixolydian midi1.mid
1105	F Mixolydian mp31.mp3
1106	F Mixolydian tab1.ptb
1107	F Mixolydian tab2.ptb
1108	FLYD0001.WAV
1109	Flyd1.wav
1110	Flyd2.wav
1111	FMdrums1.wav
1112	Fmdrums2.wav
1113	FMixo1.wav
1114	FMixo2.wav
1115	GMG Lyrics1.doc
1116	GMGWav.wav
1117	GMGWavM.wav
1118	Good Mornin Girl w Basic Bridge 1.mp3
1119	Good Mornin Girl w Melody 170.mp3
1120	good morning mecha girl4.20.mp3
1121	good morning mecha girl4.20.wav
1122	good morning mecha girl4.21 (sigle track).wav
1123	good morning mecha girl4.21 (single track).mp3
1124	good-morning-girl-mecha.mp3
1125	good-morning-girl-mecha.wav
1126	Uncle Space Chorus (Mecha Opioid Good Mornin Girl).mp3
1127	GMGWavMIDI1.mid
1128	Good Mornin Girl  melody only.mid
1129	Good Mornin Girl MainOnly.mid
1130	Good Mornin Girl w Melody1.mid
1131	Good Mornin Girl w Melody1.ptb
1132	Good Mornin Girl1.ptb
1133	GotSomething Edit1.mp3
1134	GotSomething Edit2.mp3
1135	gotsomething tempg.wav
1136	GotSomethingToSay_FullJam1.mp3
1137	GotSomethingToSay_FullJam1.WAV
1138	1 NOTES.pdf
1139	GSTS tab and notation.pdf
1140	notebook url.txt
1141	GotSomething Edit2.mp3
1142	GotSomethingToSay_FullJam1.mp3
1143	GotSomethingToSay_FullJam1.WAV
1144	got something merged.gp5
1145	GotSomethingOriginalPiano2.mid
1146	GotSomethingToSay_piano1.mid
1147	got moretabs.ptb
1148	got moretabs.tg
1149	got something piano1 tab.ptb
1150	got something piano2 tab.ptb
1151	got something piano2 tab2.ptb
1152	GotSomethingToSay_piano2.mid
1153	gsts.tg
1154	OriginalPiano1.mid
1155	gotsomething original recording1.mp3
1156	gotsomething original recording1.wav
1157	blue-mountain.jpg
1158	bocas-del-toro.jpg
1159	brazil.jpg
1160	hawaii.jpg
1161	iguacu-falls.jpg
1162	jamaica.jpg
1163	kilauea-volcano.jpg
1164	montego-bay.jpg
1165	na-pali-coast.jpg
1166	ohaus-north-shore.jpg
1167	panama-canal.jpg
1168	panama-city.jpg
1169	panama.jpg
1170	pao-de-acucar.jpg
1171	port-antonio.jpg
1172	salvador.jpg
1173	santa-catalina.jpg
1174	sao-paulo.jpg
1175	tower-isle.jpg
1176	waikiki-beach.jpg
1177	6-Melancholy Departure (Freeze) 0005 [2019-08-23 182922].wav
1178	6-Melancholy Departure (Freeze) 0005 [2019-08-23 183250].wav
1179	7-Melancholy Departure (Freeze) 0004 [2019-08-23 180656].wav
1180	Gregorian Moan.mp3
1181	moaners good 2nd half.wav
1182	Moaners Part2.mp3
1183	moaners rev2.wav
1184	Moaners1.mp3
1185	Moaners2.mp3
1186	MoanersLabels.txt
1187	GRACK001.WAV
1188	GRACK002.WAV
1189	GRACK008.WAV
1190	Freeze 5-Audio.wav
1191	Happy Birthdaou.mp3
1192	Happy Birthday Happy Birthday Happy Birthday.mp3
1193	Happy Birthday To You.mp3
1194	happy-birthday-glitch1.wav
1195	Happy Fucking Birthday.wav
1196	How to Get A Wink from a Waitress (Piano Solo).wav
1197	How to Get a Wink From a Waitress (Solo Piano).mp3
1198	How to Get a Wink From a Waitress Master.wav
1199	How to Get a Wink From a Waitress.wav
1200	HowtoGetAWinkFromAWaitress.mid
1201	In the Attic New.mp3
1202	In the Attic.mp3
1203	In the Attic New.mp3
1204	In the Attic New.wav
1205	In the Snow - Master.mp3
1206	In the SnowPad Master1 - Copy.wav
1207	In the SnowPad Master1.wav
1208	In the SnowPad1.wav
1209	bass track i think.ptb
1210	Freeze ratbot output1 [2020-05-20 175501].wav
1211	Freeze ratbot output1 [2020-05-20 175602].wav
1212	ratbot output1 0001 [2020-05-20 173137].wav
1213	ratbot output1 0001 [2020-05-20 173951].wav
1214	Ratbot Slowburn edit1.wav
1215	ratbot-slow-groove.mp3
1216	Ratbot-Tin Tanny - Original Version1.wav
1217	slowburn-trim-final.mp3
1218	slowburn-trim-final.wav
1219	spectrum.txt
1220	tin tanny bass.mid
1221	Tin Tanny Midi1.mid
1222	tin tanny Original p1 (full).mid
1223	tin tanny Original p2 (full).mid
1224	Tin Tanny p1 (talktome keysO).mid
1225	Tin Tanny p2 (funk piano).mid
1226	Tin Tanny p4 drums.mid
1227	8-Audio 0003 [2019-08-20 093627].wav
1228	8-Audio 0005 [2019-08-20 100256].wav
1229	8-Audio 0006 [2019-08-20 101018].wav
1230	8-Audio 0008 [2019-08-22 121003].wav
1231	Freeze 8-Inca Chodes [2019-08-20 110028].wav
1232	inca - clean no lead section.wav
1233	inca - use for lead to theme trans.wav
1234	Inca Compile1.mp3
1235	Inca Roadskis.mp3
1236	Inca Roadskis.wav
1237	Ink Erodes Slowly.mp3
1238	Ink Erodes Slowly.wav
1239	Ink Erodes Slowly2.mp3
1240	Ink Erodes1.mp3
1241	new Inka1.mp3
1242	new Inka1.wav
1243	Pre Chor [2019-08-20 105902].wav
1244	Freeze 8-Inca Chodes [2019-08-20 110028].wav
1245	Inca Chodes.mp3
1246	Inca roads beats.png
1247	Inca Roadskis.mp3
1248	Inca Roadskis.wav
1249	inca-use for lead.wav
1250	Pre Chor [2019-08-20 105902].wav
1251	12 Bar in E 4.27.ptb
1252	Baby Coming Home4.23.18.mp3
1253	Em Chord Prog 4.28.18.m4a
1254	Old Timey1.mid
1255	Old Timey1.mp3
1256	Old Timey2.mid
1257	Old Timey2.mp3
1258	Ring Tang4.25.18.ptb
1259	The Beatles - Blackbird (ver 3) (1).ptb
1260	Early Jazz Ice.wav
1261	Jazz Ice Drum Test1.mp3
1262	Jazz Ice Drum Test1.wav
1263	Jazz Ice Extra Recording.wav
1264	Jazz Ice Full Recording.wav
1265	Jazz Ice Real.wav
1266	Jazz Ice Weird Saloon Music at End.wav
1267	JazzIce Orchestra.mp3
1268	Original JAzz Ice Long Form.wav
1269	Joeys Song2.mid
1270	The Song of Joey 7.7.18.mp3
1271	Freeze 5-Audio [2019-10-23 023332].wav
1272	4-Audio 0001 [2019-10-07 183347].wav
1273	4-Audio 0001 [2019-10-07 183407].wav
1274	Freeze 4-Audio [2019-10-07 185756].wav
1275	Lazy Star Acoustic.mp3
1276	Lazy Star Duet (Corona Rendition)1.mp3
1277	Lazy Star Duet (Corona Rendition)1.wav
1278	lazy star midi recordings2.mp3
1279	lazy star original and pretty.mp3
1280	lazy star original and pretty.wav
1281	lazy-star-art2-compress.png
1282	lazy-star-art2-nocompress.png
1283	lazy-star-art2.png
1284	lazy-star-lead1-4.3.20 EDITS.ptb
1285	lazy-star-lead1-4.3.20.ptb
1286	lazy-stars-weird.wav
1287	lazystar-art-smaller.png
1288	lazystar-art.png
1289	lazyStar-detuned.wav
1290	lazystar-remaster.mp3
1291	LazyStars_RockMix[2019-11-12].wav
1292	LazyStarTab.ptb
1293	lazystar_midi_recording_mixdown.mp3
1294	LazyStar_NewMix9.27-1.mp3
1295	LazyStar_NewMix9.27-2.mp3
1296	lstarstab2.mid
1297	lstarstab3.mid
1298	proto-lazy star cool blooze1.mp3
1299	proto-lazy star cool blooze1.wav
1300	8-Audio 0001 [2019-09-13 010847].wav
1301	8-Audio 0001 [2019-09-13 010850].wav
1302	8-Audio 0002 [2019-09-13 011159].wav
1303	LazyStars_Out 0001 [2019-09-13 074119].wav
1304	LazyStars_Out 0001 [2019-09-13 074120].wav
1305	Freeze 5-intro1 [2019-09-14 162548].wav
1306	Freeze 6-Audio [2019-09-21 141808]-1.wav
1307	Freeze 6-Audio [2019-09-21 141808].wav
1308	Freeze 7-LazyStarRec_Lowered [2019-09-21 141808]-1.wav
1309	Freeze 7-LazyStarRec_Lowered [2019-09-21 141808].wav
1310	Freeze 8-Audio [2019-09-21 141808]-1.wav
1311	Freeze 8-Audio [2019-09-21 141808].wav
1312	lazystar remaster.mp3
1313	lazystar remaster.wav
1314	newmaster.mp3
1315	newmaster.wav
1316	7-Audio 0001 [2019-09-21 134620].wav
1317	7-Audio 0001 [2019-09-21 134621].wav
1318	8-Audio 0001 [2019-09-21 135715].wav
1319	8-Audio 0001 [2019-09-21 135719].wav
1320	8-Audio 0002 [2019-09-21 140020].wav
1321	8-Audio 0002 [2019-09-21 141205].wav
1322	lazy-star-accompaniment4.3.20.mid
1323	lazy-star-lead4.3.20.mid
1324	8-Audio 0001 [2019-09-13 010847].wav
1325	Lazy Star (9.13Sample).mp3
1326	Lazy star extended (4quant).wav
1327	Lazy Stars.wav
1328	LazyStars9.13_Master.mp3
1329	LazyStars9.13_Master.wav
1330	LazyStars_CutsTrack.mp3
1331	LazyStars_CutsTrack.wav
1332	LazyStars_CutsTrack0.mp3
1333	LazyStars_sampler.mp3
1334	lazyStar_LongJam2.wav
1335	Lazy Star backbone.mid
1336	Lazy Stars.mid
1337	lazy-star-orchestra.mid
1338	lazy-star-orchestra.ptb
1339	lazystarrs-lead.mid
1340	lazystars-backbone1.mid
1341	lazystars-lead2.mid
1342	Lazystars-Lute.mid
1343	Lazystars-LuteOct.mid
1344	lstarstab2.mid
1345	lstarstab2.ptb
1346	lstarstab3.mid
1347	lstarstab3.ptb
1348	lstarstab3.tg
1349	lstarstab4.mid
1350	lstarstab4.tg
1351	lstarstab4.wav
1352	lstarstabTG.mid
1353	lstarstabTG.xml
1354	Melody.mid
1355	Melody2.mid
1356	tester1.ptb
1357	tester1.tg
1358	Leaning on the Windowsill v1.ptb
1359	Leaning on the Windowsill v2.ptb
1360	LongNight_EndingJam1.mp3
1361	LongNight_HowlerMarchP1.mp3
1362	LongNight_HowlerMarchP2.mp3
1363	Strange Tears PianoShort.mp3
1364	Synth Isolate from Wails.mp3
1365	The Wailing Widows and the Return of the Synths.mp3
1366	The Wailing Widows and the Return of the Synths2.mp3
1367	The Dark Harmony.mp3
1368	A Month and a Half.mid
1369	arp piano 1 trancer.mid
1370	arp piano 2 trancer.mid
1371	arp trancers.ptb
1372	arp trancers.wav
1373	Asleep All Day (shuffle bells).mp3
1374	Bela Bartok - Concerto for Orchestra, Sz 116 BB 127 [Finale Pesante Presto].mp3
1375	bela-fleck-inspired-tune modified chords.ptb
1376	bela-fleck-inspired-tune modified chords2.ptb
1377	bela-fleck-inspired-tune more rhythmic p2.mid
1378	bela-fleck-inspired-tune more rhythmic p2.ptb
1379	bela-fleck-inspired-tune more rhythmic p3.mid
1380	bela-fleck-inspired-tune more rhythmic p3.ptb
1381	bela-fleck-inspired-tune.mid
1382	bela-fleck-inspired-tune.ptb
1383	borrorwed-chords.wav
1384	BOV NEW RIFF (4-7-2014).ptb
1385	BREAKFAST on vaca.mp3
1386	Broke and Alone9(3).24.gp
1387	Broke and Alone9(3).pdf
1388	Broke and Alone9.24.mid
1389	C Major Borrow chord practice3 (added to sec A).mid
1390	C Major Borrow chord practice3 (added to sec A).ptb
1391	Candid1.mid
1392	CARIBEAN SALSA SORTA THING1.ptb
1393	chord.mid
1394	Country Stuff1.mid
1395	Dark Raffington the 5MIDI.mid
1396	Flecktune Solid Full Band (2).wav
1397	Flecktune Solid Full Band.mp3
1398	Flecktune Solid Full Band.wav
1399	flecktune2.mid
1400	flecktunes3.mid
1401	flecktunes_midieditor.mid
1402	flectunes-doubleslow2.mid
1403	Freeze 8-procession bells [2019-10-29 032242].wav
1404	fretnotes.mid
1405	fretnotes.ptb
1406	funky little talk with me.mid
1407	funky little talk wtih me 2.mid
1408	funky little talk wtih me tab.ptb
1409	Gazers in the New Frontier.mp3
1410	Gothic Twlight All Grown Up (rec file).wav
1411	guitar-range.mid
1412	guitarrange-noq.mid
1413	guitarrange-q.mid
1414	guitarrange-q.wav
1415	Happy Birthday Happy Birthday Happy Birthday.mp3
1416	jazzy synco new experiment.ptb
1417	LazyStarBackbone.mid
1418	LazyStarBackbone.ptb
1419	LazyStarBackboneTAB.mid
1420	LazyStarLead Tab.mid
1421	LazyStarLead Tab.ptb
1422	LazyStarLead.mid
1423	MOZY-NOD.WAV
1424	nevergoinbackagain2.mp3
1425	No Memento.ptb
1426	Pickery.mp3
1427	Rhythm on 5th.ptb
1428	riff raff happy g1.mid
1429	riff raff happy g2.mid
1430	riff raff happy g3.mid
1431	riff raff happy.mid
1432	Riffard Raff (new MIDI file edit)1.ptb
1433	riverbendtab.ptb
1434	Same  Place-Shroud Androoid.wav
1435	Same Place Tomorrow trim and rev1.mid
1436	Same Place Tomorrow.mid
1437	Same Time Tomorrow Remaster1.mp3
1438	shuffle piano theme solo.wav
1439	Shuffle w Me Remixed post-ableton-audacity 2 12.27 115.wav
1440	song 6 (get it on).ptb
1441	Steely Dan - Peg.mid
1442	Steely Dan - Reelin In The Years.mid
1443	Steeple Wild Onion.mid
1444	SweetPiano Reborn.wav
1445	swingdick.mid
1446	Swinging LadyBalls Drums (work on).wav
1447	talk to me alt.wav
1448	The Horror of GE.wav
1449	The Matador tab1.ptb
1450	twi3.mid
1451	Untitled.mid
1452	Voxengo Primary User Guide en (1).pdf
1453	walk with me good version.mid
1454	Walk With Me repaired master 5.22.wav
1455	Walk With Me repaired master remixed 5.22.wav
1456	WalkWithMeTab120TRIPS.mid
1457	WalkWithMeTab80.mid
1458	WalkWithMeTabNORM.mid
1459	wavn tab1.ptb
1460	whats the skinny 528.wav
1461	whats the skinny picker 528.mp3
1462	whats the skinny picker 528.wav
1463	whats the skinny picker remix 530.mp3
1464	wild onion dazer1.mp3
1465	wild onion dazer1.wav
1466	wild onion new accomp 4 tracks 3 on guitar view.mid
1467	wild onion new accomp 4 tracks 3 on guitar view.ptb
1468	wild onion new accomp 4 tracks.mid
1469	wild onion new accomp 4 tracks.ptb
1470	wild onion new accomp 4 tracks2.mid
1471	wild onion sheeple (bass view).ptb
1472	Wild Onion.mp3
1473	Wild OnionDiddley 4.9.20.mid
1474	WOnion Use for new theme sheeple (bass view).mid
1475	WOnion Use for Theme B - flecktunes double slow p.mid
1476	WWM melodyLine1.mid
1477	WWM no 2nd half.mid
1478	WWM no 2nd half.pdf
1479	WWM no 2nd half.ptb
1480	sample-data-index-count.csv
1481	sample-data-index-time.csv
1482	A Month and a Half Gone Crazy.wav
1483	All the bleeps and bloops.wav
1484	arp and bells trancer.wav
1485	MOZY-NOD.WAV
1486	steampowered-man.wav
1487	Talk with Me Cheery Bells 5.25.mp3
1488	stargazer-quaint.wav
1489	Same Time Tomorrow Remaster1.wav
1490	untitled.wav
1491	Funky Dirt Machine Gun (Recorded at ANdrews).wav
1492	Mad Dirt Machine (Slow and Wavey).wav
1493	Mad Dirt Machine Racer.mp3
1494	Mad Dirt Machine.mp3
1495	original machine gun jam.mp3
1496	Son of Mad Dirt Machine.mp3
1497	machine gun.mp3
1498	machine gun.wav
1499	New Ray Gun orignal Recording.wav
1500	TRACK001.WAV
1501	TRACK002.WAV
1502	TRACK003.WAV
1503	TRACK004.WAV
1504	TRACK006.WAV
1505	TRACK007.WAV
1506	001 Matter and Form.wav
1507	7-Audio 0001 [2019-07-22 103916].wav
1508	Melan alter.ptb
1509	Melan chords.ptb
1510	Melan lead.ptb
1511	Melan Tab MIDI.mid
1512	Melan Tab MIDIagain.mid
1513	Melan Tab Weird Timing.ptb
1514	Melan Tab.ptb
1515	Melancholy Departure.wav
1516	Melancholy Piano Duet.wav
1517	Melancholy Piano.wav
1518	Melancholy Vanilla No Drums Long.wav
1519	MelancholyLove_PitchShifting.wav
1520	Mel63_shortcut.mp3
1521	Melancholy Heroin Piano Duet.mp3
1522	Melancholy Heroin.mp3
1523	Melancholy Vanilla w Drums.mp3
1524	MelancholyLove_PitchShifting.mp3
1525	MelancholOriginal Speed with Drums.wav
1526	Melancholy  Heroin Piano Duet.wav
1527	Melancholy (Fast Vanilla).wav
1528	Melancholy Detuned Fast63.mp3
1529	Melancholy Vanilla No Drums Long.wav
1530	Melan Departure post Compress.mp3
1531	Melan Departure post Compress.wav
1532	Melan Departure Pre Compress.mp3
1533	Melan Departure Redux-1.mp3
1534	Melan Departure Redux-1.wav
1535	Melan Departure Redux2.mp3
1536	Melancholy Departure Freeze.mp3
1537	Melancholy Departure.mp3
1538	6-Audio 0002 [2019-07-15 002625].wav
1539	LovinMelancholy The Movie.mp4
1540	Melancholy Psycho Slow.wav
1541	Melancholy_UltraSlow.wav
1542	Melancholy 63 - short cut.mp3
1543	Melancholy Detuned Fast63.mp3
1544	Melancholy Detuned Fast63.wav
1545	Melancholy Detuned Slow75.mp3
1546	Melancholy Detuned Slow75.wav
1547	Melancholy Heroin Piano Duet.mp3
1548	Melancholy Heroin.mp3
1549	MelancholyLove_PitchShifting.mp3
1550	nek75NoComp.mp3
1551	nek75YesComp.mp3
1552	vincent revise1.ptb
1553	ARemarkYouMade.mid
1554	Chameleon.mid
1555	chamelpart1.mid
1556	chamelpart2.mid
1557	Entertainer.mid
1558	JerrysBreakdown.mid
1559	lstarstab2.mid
1560	RomanticWarrior.mid
1561	WatermelonInEasterHay(2).mid
1562	WatermelonMan.mid
1563	WhatsNewInBaltimore.mid
1564	WhippingPost.mid
1565	baby coming home export.mid
1566	ChasingBangelNewMidi1.mid
1567	CityofNewOrleans.mid
1568	Entertainer.mid
1569	IllSeeYouInMyDreams.mid
1570	JerrysBreakdown.mid
1571	slow jerry breakdown.ptb
1572	StLouisBlues.mid
1573	Untitled.mid
1574	Vincent.mid
1575	Frank Zappa - Echidnas Arf (Of You).mid
1576	Frank Zappa - Inca Roads.mid
1577	Frank Zappa - Peaches En Regalia PRACTICE1.mid
1578	WatermelonInEasterHay(2).mid
1579	WhatsNewInBaltimore.mid
1580	Mozyin' Structure1.doc
1581	MOZYIN04.WAV
1582	MOZYIN05.WAV
1583	064 Ballad ST Feel 065 A (2).mid
1584	180 5-4 Fill 12.mid
1585	Birdland.wav
1586	Blind Boy2.wav
1587	Bluesin USA.wav
1588	C-F Chords.wav
1589	Chasing Bangels.mid
1590	Chasing Bangles Tab 1.ptb
1591	Chasing Bangles tab 2.ptb
1592	Directory Song.wav
1593	Early Morning Bus Ride ElectroDrums.wav
1594	fuck1.wav
1595	hi master.wav
1596	Jazz Ice Dark and Brooding.wav
1597	Jazz Ice Real.wav
1598	Jazz Ice Weird Banjo.mid
1599	Mambo Time Master.wav
1600	Mambo Time.wav
1601	Mecha Funtown1.wav
1602	Mecha Funtown2.wav
1603	Mecha Snowball Returns 7.4.18.mp3.mp3
1604	Phantams.wav
1605	Phantams2.wav
1606	PsycedlicNoise I was looking for.wav
1607	Untitled.wav
1608	VideoGame World.wav
1609	VoicesAndPianos.wav
1610	VoicesAndPianosFull_Audio4.wav
1611	VoicesAndPianosmaster.wav
1612	Yeah Boy9.20.mp3
1613	Chasing Bangels - Copy.mid
1614	Stargazer Tabs Final Revision midi1.mid
1615	Birdland horns1.wav
1616	Birdland Rough REcording.wav
1617	CustomDrumSample1.wav
1618	Directory Song master.wav
1619	Early Morning Bus Ride RegDrumswav.wav
1620	Freeze 6-Audio-1-1.wav
1621	Freeze 6-Audio-5.wav
1622	Freeze 7-Audio-1.wav
1623	Freeze 7-Audio-2.wav
1624	Freeze 7-Audio-4.wav
1625	Freeze 7-Audio-5.wav
1626	Freeze 7-Audio.wav
1627	FunkMeister.wav
1628	Heavy Cyber Beat with Wailer.mp3
1629	Mech Funtown.wav
1630	Pleasant Enough Full Jam.wav
1631	scary moon river.wav
1632	StrangeTears.wav
1633	VoicesAndPianos master.wav
1634	VoicesAndPianos.wav
1635	zFinalWord Jam.wav
1636	BCHFucked1.mp3
1637	BCHstraight2.mp3
1638	Blue Line Blues.ptb
1639	ChromaJAM1.mp3
1640	Circus Tab2 (Cut 3time theme a1).ptb
1641	DEEPO001.WAV
1642	Early Morning Bus Ride.mp3
1643	Get it On - DSS.WAV
1644	Joeys Song mix1.wav
1645	MEMORY06.WAV
1646	Space Deep.mp3
1647	ToughLoveScore1_10153158809260847.ptb
1648	Fun Town 6 extend C midi1.mid
1649	Fun Town 6 extend C midi1.mp3
1650	Fun Town Draft1.mp3
1651	Fun Town Lyrics Scratch1.txt
1652	Fun Town1.ptb
1653	Fun Town2.ptb
1654	Fun Town3.ptb
1655	Fun Town4.ptb
1656	Fun Town5 midi1.mid
1657	Fun Town5 midi2.mid
1658	Fun Town5 midi2.mp3
1659	Fun Town5 PRACTICE1.ptb
1660	Fun Town5 short version1 midi.mid
1661	Fun Town5 short version1 mp3.mp3
1662	Fun Town5 short version2 midi.mid
1663	Fun Town5 short version2 mp3.mp3
1664	Fun Town5.ptb
1665	F Lydian Master1.mp3
1666	Glaciers in F Lydian.mp3
1667	Glaciers.mp3
1668	F Lydian Lyrics1.txt
1669	F Lydian midi new theme B1.mid
1670	F Lydian midi new theme B1.mp3
1671	F Lydian Practice tab1.ptb
1672	F Lydian Sixteen Note fill1.ptb
1673	F Lydian tab new1.mid
1674	F Lydian tab new1.mp3
1675	F Lydian tab1.ptb
1676	F Lydian tab2.ptb
1677	F mixo1 drums.h2song
1678	F Mixolydian midi1.mid
1679	F Mixolydian mp31.mp3
1680	F Mixolydian tab1.ptb
1681	F Mixolydian tab2.ptb
1682	FLYD0001.WAV
1683	Flyd1.wav
1684	Flyd2.wav
1685	FMdrums1.wav
1686	Fmdrums2.wav
1687	FMixo1.wav
1688	FMixo2.wav
1689	A modification1.bmp
1690	PCP 100bpm tab1.mid
1691	PCP Practice1.ptb
1692	Power Chord Pickin (110bpm, drum1).mp3
1693	Power Chord Pickin (110bpm, full)1.ptb
1694	Power Chord Pickin (110bpm, full)2.mid
1695	Power Chord Pickin (110bpm, full)mp31 most recent.mp3
1696	Power Chord Pickin (110bpm, no drums1)project1.mp3
1697	Power Chord Pickin Drum1.h2song
1698	Power Chord Pickin Drum1.wav
1699	Power Chord Pickin f major exp1.ptb
1700	Power Chord Pickin slow mp31.mp3
1701	PCP (100bpm)1.mp3
1702	PCP 100bpm tab1.ptb
1703	Pcp Drum3.wav
1704	PCP New midi1 (100bpm).mp3
1705	15 beat chords.ptb
1706	8th Melody thing1.ptb
1707	A 3rds track1.mid
1708	A 3rds track1.ptb
1709	Am Melodic Chords1 - 9-4-14.ptb
1710	Ave Maria1 midi1.mid
1711	Bluesin' in C1.mp3
1712	Brett's Diddley.ptb
1713	Bus Ride.mid
1714	C Major Borrow chord practice3 (added to sec A).ptb
1715	C-F Piano track1.mid
1716	C-F Piano track1.ptb
1717	Capo on 3.mid
1718	Capo on 3.ptb
1719	CARIBEAN SALSA SORTA THING1.ptb
1720	COOL RIFF1.ptb
1721	Country Man Can1.ptb
1722	D jam 2.3.18.mid
1723	D jam 2.3.18.ptb
1724	E chords 12.31.17.ptb
1725	Eerie Bluesy thingy1.ptb
1726	G minor fingerpick thng1.ptb
1727	Groove Blues thang1.ptb
1728	Gymnopedie midi.mid
1729	Harmony practice1.ptb
1730	I've got Summer on My Mind 1.ptb
1731	Light Finder Pick in G (Or C).ptb
1732	Never Going Back Piano1.wav
1733	NEW CHORDS.ptb
1734	Orange Blossom Special EDITED1.mid
1735	Orange Blossom Special EDITED1.ptb
1736	Slide Guitar Riff 9-23-14.ptb
1737	SWEET E THANG1.ptb
1738	The Hellecasters - Orange Blossom Special.ptb
1739	Tight Funk Riff1.ptb
1740	BCHFucked1.mp3
1741	BCHstraight2.mp3
1742	Blue Line Blues.ptb
1743	ChromaJAM1.mp3
1744	Circus Tab2 (Cut 3time theme a1).ptb
1745	DEEPO001.WAV
1746	Early Morning Bus Ride.mp3
1747	Get it On - DSS.WAV
1748	Joeys Song mix1.wav
1749	Space Deep.mp3
1750	ToughLoveScore1_10153158809260847.ptb
1751	07 07 Track 7.wma
1752	09 09 Track 9.wma
1753	Candid Jam1.wma
1754	Jake and Dan and Stefan Jam.mp3
1755	Jake and Dan and Stefan Jam.wav
1756	Jake Hamilton n Folk (Dan, Stefan, Jake).mp3
1757	Jake Hamilton n Folk (Dan, Stefan, Jake).wma
1758	Jake Hamilton n Folk (Dan, Stefan, Jake)2.mp3
1759	jake was 17 when he did this  yo! 1.wma
1760	poop.mp3
1761	Post-Candid Jam1.wma
1762	reverber(2005).wma
1763	waves(2005).wma
1764	Whammy - Jake Hamilton n Folks.wma
1765	When jakee was 16 Electric Version.wma
1766	nevergoingcrackagain.mp3
1767	nevergoingcrackagain.wav
1768	FunkMeister 3D.mp3
1769	Menacing Thump 7.21.18.mp3
1770	BCHFucked1.mp3
1771	BCHstraight2.mp3
1772	Slow BCH Tempo Increase.wav
1773	Slow BCH.wav
1774	A Memory Remains.wav
1775	BCHFucked1.mp3
1776	BCHstraight2.mp3
1777	ChromaJAM1.mp3
1778	Circus Tab2 (Cut 3time theme a1).ptb
1779	DEEPO001.WAV
1780	Early Morning Bus Ride.mp3
1781	Get it On - DSS.WAV
1782	Joeys Song mix1.wav
1783	Space Deep.mp3
1784	A modification1.bmp
1785	PCP 100bpm tab1.mid
1786	PCP Practice1.ptb
1787	Power Chord Pickin (110bpm, drum1).mp3
1788	Power Chord Pickin (110bpm, full)1.ptb
1789	Power Chord Pickin (110bpm, full)2.mid
1790	Power Chord Pickin (110bpm, full)mp31 most recent.mp3
1791	Power Chord Pickin (110bpm, no drums1)project1.mp3
1792	Power Chord Pickin Drum1.h2song
1793	Power Chord Pickin Drum1.wav
1794	Power Chord Pickin f major exp1.ptb
1795	Power Chord Pickin slow mp31.mp3
1796	PCP (100bpm)1.mp3
1797	PCP 100bpm tab1.ptb
1798	Pcp Drum3.wav
1799	PCP New midi1 (100bpm).mp3
1800	1 3-Grunge Sci Fi1.mid
1801	15 beat chords.mid
1802	2 3-Grunge Sci Fi1.mid
1803	Am Melodic Chords1 - 9-4-14.mid
1804	Babys Coming Home1.mid
1805	C Major Borrow chord practice3 (added to sec A).mid
1806	Chet Guitar 1.mid
1807	ChromatiJazz tab4.mid
1808	Circus Tab2 (Cut 3time theme a1).mid
1809	ClaveTrump1.mid
1810	Con Queso Bass1.mid
1811	Con Queso Trumpet1.mid
1812	COOL RIFF1.mid
1813	Fleetwood Mac - Never Going Back Again.mid
1814	Fun Town 6 extend C midi1.mp3
1815	Fun Town5 short version2 midi.mid
1816	Harmony practice1.mid
1817	Haunting Midi 4.5.18.mid
1818	Jazzy BCH.mid
1819	Joeys Song1.mid
1820	Joeys Song2.mid
1821	MAtadorRhythm2.mid
1822	Old Timey1.mid
1823	Old Timey2.mid
1824	Riff Raff1.mid
1825	Riff Raff2.mid
1826	Snowball Opening Chords midi4.26.mid
1827	Snowball Opening Chords v2 updated 5.20.17.mid
1828	SWEET E THANG1.mid
1829	The Final Word Full Midi 4.26.mid
1830	The Haunting of Snowball.mid
1831	The Haunting of Snowball2.mid
1832	Tight Funk Riff1.mid
1833	Track 1.mid
1834	TRACK001.WAV
1835	TRACK002.WAV
1836	TRACK003.WAV
1837	TRACK004.WAV
1838	TRACK005.WAV
1839	Big Bad PCP.mp3
1840	Big Bad PCP.wav
1841	PCP Clean1.mp3
1842	PCP Clean2.mp3
1843	WhistlerPCP.wav
1844	A modification1.bmp
1845	PCP 100bpm tab1.mid
1846	PCP Practice1.ptb
1847	Power Chord Pickin (110bpm, drum1).mp3
1848	Power Chord Pickin (110bpm, full)1.ptb
1849	Power Chord Pickin (110bpm, full)2.mid
1850	Power Chord Pickin (110bpm, full)mp31 most recent.mp3
1851	Power Chord Pickin (110bpm, no drums1)project1.mp3
1852	Power Chord Pickin Drum1.h2song
1853	Power Chord Pickin Drum1.wav
1854	Power Chord Pickin f major exp1.ptb
1855	Power Chord Pickin slow mp31.mp3
1856	PCP (100bpm)1.mp3
1857	PCP 100bpm tab1.ptb
1858	Pcp Drum3.wav
1859	PCP New midi1 (100bpm).mp3
1860	Phantams3.mp3
1861	Phantoms.mp3
1862	A Night of Dan1.wav
1863	Acoustic 12.18.18.wav
1864	Andrew song (1).wav
1865	Andrew song.wav
1866	Baby coming home based jam.wav
1867	Bch 12.29.17 (1).wav
1868	Bch 12.29.17.wav
1869	D Jam 2.11.18.wav
1870	Flicking the Bean.mp3
1871	Got another 2.wav
1872	Got another thing coming.wav
1873	Jam in G 3.4.18 1.wav
1874	Jam in G 3.4.18.wav
1875	Jam on A 12.30.17.wav
1876	Mellow jam based on baby coming home .wav
1877	Morrocan Lyft Driver  (1).wav
1878	Morrocan Lyft Driver .wav
1879	Morrocan Lyft Driver 2 (1).wav
1880	Morrocan Lyft Driver 2.wav
1881	Other jam 12.30.17.wav
1882	Some decent BCH.wav
1883	Sounds like Julias eyes theme.wav
1884	PleasantJam Theme 2.wav
1885	Pleasant  Jam 10.27 2.wav
1886	Pleasant  Jam 10.27.wav
1887	Pleasant Enough Full Jam.mp3
1888	Pleasant Enough Jam part 1 10.27.mp3
1889	Pleasant Enough Jam part 2.wav
1890	00 Procession-Original.mp3
1891	Original Procession Recording (pre refined).wav
1892	Procession Acoustic (original freeze file).wav
1893	Procession Practice.tg
1894	Procession Revise1 (with Acoustics).mp3
1895	Procession Revise1 (withDeeper Blue).mp3
1896	Procession Revise1 (withDeeper Blue).wav
1897	Procession tabbed 2 midi out file.mid
1898	Procession tabbed 2 midi out file.ptb
1899	Procession tabbed 2 midi out file.tg
1900	Procession tabbed 2 midi out file2.mid
1901	procession with pretty lady (good rec).wav
1902	Procession with Pretty Lady.wav
1903	Procession(w low melod).mid
1904	Procession(w low melod).ptb
1905	Procession(w low melod).xml
1906	Procession(w low melod)2.ptb
1907	Procession(w low melod)2.tg
1908	Procession(wLowMelody)new.mid
1909	procession-tropical-bells.wav
1910	Procession.mid
1911	Procession.ptb
1912	Procession.tg
1913	Procession.wav
1914	Freeze 7-Audio [2019-10-29 031533].wav
1915	Freeze 7-procession bells [2019-10-29 031901].wav
1916	Procession Rock Version (best drums recording).wav
1917	procession-tropical-bells.wav
1918	8-Audio 0003 [2019-10-11 152258].wav
1919	Procession Solo edit 4.7.20.mp3
1920	Procession Solo edit 4.7.20.wav
1921	appalachia.wav
1922	Quaint Appalachia.wav
1923	Quaint Appalachian Full Record.wav
1924	old rat boot.ptb
1925	Rat Boot Never Dies (long jam).mp3
1926	Rat Boot Never Dies (long jam).wav
1927	Rat Boot Never Dies Final.mp3
1928	Rat Boot Never Dies Final.wav
1929	Rat Boot redux new rendition 11.13.ptb
1930	Rat Boot redux new rendition straight11.13.ptb
1931	Rat Boot redux Rewrite (Hopefully Temporary).ptb
1932	Ratboot Born Again.mid
1933	Ratboot Guitar Isolate.mp3
1934	RatBoot Never Again (first part1).mp3
1935	ratboot never dies (first part).mp3
1936	ratboot never dies (second part).mp3
1937	Ratboot Never Dies RecTrackOnly.mp3
1938	Ratboot Never Dies RecTrackOnly.wav
1939	Ratboot Never Dies.mp3
1940	Ratboot Never Dies.wav
1941	ratboot ND edit1 (compress).mp3
1942	ratboot ND edit1 (no compress).mp3
1943	TRACK001.WAV
1944	TRACK002.WAV
1945	TRACK003.WAV
1946	TRACK004.WAV
1947	TRACK005.WAV
1948	Aggressive Space far out.mp3
1949	Aggressive Space.mp3
1950	Babe in the Woods draft1.29.19.mp3
1951	Baby Comin Home 9.8.mp3
1952	Baby Comin Home 9.8.wav
1953	Big Bad PCP Man revised9.13.mp3
1954	Blues Vamp Keys7.11.19.mp3
1955	Bob Dylan's Bucket of Bernie Brains.mp3
1956	Bootheel (Dreaming of Life).mp3
1957	Bootheel, p2.mp3
1958	Broken Levers (Pipe Dreams).mp3
1959	Buckets of Brain.mp3
1960	Court of the Hendrix King.mp3
1961	Dark Riff Raffington Best V.mp3
1962	Dark Riff Raffington Best V2.wav
1963	Dark Strut (Bass Slap).wav
1964	Darth Bass.wav
1965	Degenerating Matter.mp3
1966	Desolation (Long).mp3
1967	Desolation edit1 (only sliced).mp3
1968	Dreaming of Life Redux8.1.mp3
1969	drums 8.25.19.wav
1970	Explain me this plz.mp3
1971	Glaciers.mp3
1972	Good Back Alley Funk.wav
1973	Haunting of Snowball Pianos.mp3
1974	Ill Fly Away Haunt.wav
1975	Inca Chodes.mp3
1976	Jarbles Feelin Blue Motif.mp3
1977	Jazz Ice Guitar4.3.mp3
1978	Just About the Dirtiest Thing I've Ever Made.wav
1979	lazy-star-acoutic-duet.mp3
1980	Leaning on the Windowsill.mp3
1981	Long Night (Wailers to Celebration clip).mp3
1982	LongNight - Full first 30 mins (machine mouth party, waielrs, start of krimson).mp3
1983	LongNight_HowlerMarchP1.mp3
1984	LongNight_HowlerMarchP2.mp3
1985	Lorde Royals in Space.mp3
1986	Lorde Sing Nice Royals.mp3
1987	LoveYouMelancholy.mp3
1988	Mad Dirt Machine Full.mp3
1989	Mecha Good Morning Girl.wav
1990	Mecha Jarbles Blue in Space.mp3
1991	Melan Departure post Compress.mp3
1992	Moaners Chain Gang.mp3
1993	Moaners1.mp3
1994	Moaners2.mp3
1995	Mystery Powder.mp3
1996	No Place Partcular.mp3
1997	Passing of the Guard (Piano v Synth).mp3
1998	PCP Pianos.mp3
1999	PCP Under the sun.wav
2000	Peaches En Regalia (Fresh Set).mp3
2001	Ratboot Guitar Isolate.mp3
2002	Riff Raff Cool Variation + Dark Raff.wav
2003	Riff Raff New.mp3
2004	RiffRaff8.9.19 rev1.mp3
2005	riverSection3Pianos.mp3
2006	Sconch Guitar (Strutty Acoustic).wav
2007	Singularity M.mp3
2008	Son of Sconch Guitar (Slippery Acoustic).mp3
2009	Summertime (Winter Too).wav
2010	Sweet Piano.wav
2011	Swinging Dick Meaty.wav
2012	Take 5 - Music on the New Frontier.mp3
2013	The Deepest Bass Man Ever Knew.wav
2014	THe DEfinitive FinalWordJam.wav
2015	The Moaners.mp3
2016	The Siren Casts a Gaze (110).mp3
2017	The Whispering Breezes (Broken levers).mp3
2018	TloveDreamst.mp3
2019	Tough Love Dub1.mp3
2020	Uncle Frog and Fam Arrive From Deepspace.wav
2021	Under the Sun.mp3
2022	Walk With Me (Extra Bounce).mp3
2023	Walk With Me Remaster (9.22.19).mp3
2024	Walk With Me v2 (Guitars).mp3
2025	What Do You Know Reborn Again.mp3
2026	Zeus is Deep v2.mp3
2027	Zeus is Hip1.wav
2028	0001 4-Audio-3.wav
2029	Acoustic8.4.18 - Copy.m4a
2030	Angry Space Music Goes to France.wav
2031	Angry Space Music.wav
2032	Badass Electricity with warp in middle.wav
2033	Best Snowball.mp3
2034	BreakfastonVacation_10153158808770847.mp3
2035	BrokenLeversAcousticmidi2_10153158809015847.mid
2036	BrokenLeversFullInstrumentdemomidi1_10153158808995847.mid
2037	CAll it What it Is 2.wav
2038	Electric HoDown.wav
2039	Electricity2.wav
2040	Grunge Sci Fi (Audio to MIDI).wav
2041	Grunge Sci Fi (Audio to MIDI)2.wav
2042	lets-make-a-deal-early.mp3
2043	Loop From Space Marine.wav
2044	Marine Lead1`.wav
2045	Menacing Noises.wav
2046	MEnacing Space Birds.wav
2047	More Menacing Space Music.wav
2048	REggae Ya.wav
2049	Space Engines and stuff1.wav
2050	Strange Tears 2 Clips.wav
2051	Sweet Piano.wav
2052	The Final Word Jam1.wav
2053	The Final Word Jam2.wav
2054	The Morning Bus.WAV
2055	THeme From Space Marine1.wav
2056	ToughLoveScore.mid
2057	Vincent - Mclean1.png
2058	vincent-chet-atkins.txt
2059	00 dark riff raff official.mid
2060	00 riff-raff-alt-best-guitar.wav
2061	New Riff Tab Only ThemeA2.mid
2062	newRaff for TAB.mid
2063	newRaffDroppedP1.ptb
2064	newRiffRaff Variation1.mid
2065	newRiffRaff Variation1.tg
2066	Railroad marimba1.mp3
2067	Railroad Music tin1.mp3
2068	Railroad nylon1 130.mp3
2069	Railroad nylon1.mp3
2070	Railroad vibra1wav.mp3
2071	Railway Myths.mp3
2072	Railway tab screenshot1.jpg
2073	Riff Raff (classic version, good guitar tone).wav
2074	Riff Raff (Updated 631.18).mid
2075	Riff Raff (Updated 631.18).ptb
2076	Riff Raff (Week 2) - Jake.mp3
2077	Riff Raff 4-beat Travis (8.8.19).mid
2078	Riff Raff 4-beat Travis (8.8.19).ptb
2079	Riff Raff 4-beat Travis clean up(8.8.19).ptb
2080	Riff Raff 4-beat Travis clean up(8.9.19).mid
2081	Riff Raff, a Pleasant One (master 9.25).mp3
2082	Riff Raff, a Pleasant One (master 9.25).wav
2083	Riff Raff, and Quite a Pleasant One at That edit.wav
2084	Riff Raffingtonshire.mp3
2085	RiffRaffington.ptb
2086	RiffRaff_Rev8.9.19.mp3
2087	RiffRaff_Rev8.9.19.wav
2088	Sad Raff.wav
2089	The Riff Raff1.txt
2090	DarkRaffingtonRev.ptb
2091	DarkRaffingtonRev3.mid
2092	New Raff Guitar Tab MIDI 9.4.19.mid
2093	New Raff Short Riff edit 2.ptb
2094	New Raff Short Riff.ptb
2095	new riff rafff  dropped.mid
2096	newRaffDroppedP1.mid
2097	Original Pretty Raffington.ptb
2098	RiffRaff(-5,Ddorian).mid
2099	RiffRaff(-5,Ddorian).ptb
2100	RiffRaffDdorian with low and high ins.mid
2101	RiffRaffDdorian with low and high ins.ptb
2102	Sad Raff.mp3
2103	Slow Sad Riff RAff lowered2.1.ptb
2104	Slow Sad Riff RAff lowered2.ptb
2105	Slow Sad Riff RAff.ptb
2106	The Slow Sadness of Riff Raff.mid
2107	Raildroad - ISOLATED VOICES.ptb
2108	Railroad Experiemtns1.ptb
2109	Railroad marimba1.mp3
2110	Railroad Music 3.mid
2111	Railroad Music 8.13.17.ptb
2112	Railroad Music 8.9.17.ptb
2113	Railroad Music Copy 2.ptb
2114	Railroad Music Melody Stuff (Old).ptb
2115	Railroad Music prac 9.9.17.ptb
2116	Railroad Music Practice1 exper1.ptb
2117	Railroad Music Practice1.ptb
2118	Railroad Music tin1.mp3
2119	Railroad Music travis pick in 4.ptb
2120	Railroad Music.ptb
2121	Railroad nylon1 130.mp3
2122	Railroad nylon1.mp3
2123	Railroad vibra1wav.mp3
2124	Railway Myths.mp3
2125	The Riff Raff1.txt
2126	5-Audio 0001 [2019-07-31 140621].wav
2127	6-5-Audio 1 (Freeze) 0002 [2019-07-31 143917].wav
2128	Dark Raff With Drums Full.wav
2129	dark Riff Raff Short.wav
2130	fast Raff.wav
2131	Mecha Raff Combo.mp3
2132	MEcha Raff Edit2.wav
2133	Mecha Riff Raff.wav
2134	Mecha Riff Rafff Edit 1.wav
2135	New Raff Guitar Tab MIDI 9.xml
2136	new Riff Raff Main Jam.wav
2137	New Riff Raff Perfect Guitar.wav
2138	New Riff Raff Tab1.gp5
2139	New Riff Raff Tab1.mid
2140	New Riff Raff Tab1.pdf
2141	New Riff Raff Tab1.ptb
2142	New Riff Tab Only ThemeA.ptb
2143	normalRaffGuitar.wav
2144	Pretty Raff.mp3
2145	Riff Raff Cool Variation + Dark Raff.wav
2146	Riff Raff, and Quite a Pleasant One at That edit.wav
2147	Riff Raff, and Quite a Pleasant One at That.wav
2148	Riffard Raff (new MIDI file edit)1.csv
2149	Riffard Raff (new MIDI file edit)1.pdf
2150	Riffard Raff sheet music.xml
2151	RiffRaffDdorian with low and high played straight.mid
2152	Sad Raff.mp3
2153	Railroad Music 3.mid
2154	Railroad Music travis pick in 4.mid
2155	Riff Raff (Updated 631.18).mid
2156	Riff Raff (Updated 631.18).ptb
2157	Raildroad - ISOLATED VOICES.ptb
2158	Railroad Experiemtns1.ptb
2159	Railroad Music 8.13.17.ptb
2160	Railroad Music 8.9.17.ptb
2161	Railroad Music Copy 2.ptb
2162	Railroad Music Melody Stuff (Old).ptb
2163	Railroad Music prac 9.9.17.ptb
2164	Railroad Music Practice1 exper1.ptb
2165	Railroad Music Practice1.ptb
2166	Railroad Music travis pick in 4.ptb
2167	Railroad Music.ptb
2168	New Rivers Band Jamboree.mp3
2169	New Rivers Band Jamboree.wav
2170	RBend Wave No drums.wav
2171	River's Bend Wave Drums.mp3
2172	River's Bend Wave Drums.wav
2173	riversbend-orchestra-edit1.wav
2174	riversbend-orchestra-edit2(timeshift).wav
2175	riversbend-orchestra-edit3(timeshift).mp3
2176	Rosanna Messsy1.wav
2177	Rosanna Messy2.wav
2178	Rosanna New.mp3
2179	Rosanna New.wav
2180	Rosanna66bpm_2-9-19GoodJarbles.mp3
2181	Rosanna66bpm_2-9-19GoodJarbles0.mp3
2182	Rosanna (Clean and Set up)2.wav
2183	Rosanna66bpmDistGuitar2-9-2019 2.mp3
2184	Rosanna66bpmDistGuitar2-9-2019 2.wav
2185	Rosanna66bpmDistGuitar2-9-2019.mp3
2186	Rosanna66bpmDistGuitar2-9-2019.wav
2187	Rosanna66bpm_2-9-19GoodJarbles.wav
2188	Rosanna So Bad (Skip to last 5 mins or so).wav
2189	Rosanna So Bad 0003 [2019-01-12 003251].wav
2190	Rosanna So Bad with Bouncing and Slow Hendrix Solo.wav
2191	The Last Royal Awesome Trance).wav
2192	shakey per rev2.wav
2193	shakeyRhythmTrack1 1-riffRaff New Boomchick (Freeze).mp3
2194	shakeyRhythmTrack1 1-riffRaff New Boomchick (Freeze).wav
2195	shakeyRhythmTrack1 2-Shakey Perc Rhythm 8.9.19 variation1 (Freeze).mp3
2196	shakeyRhythmTrack1 2-Shakey Perc Rhythm 8.9.19 variation1 (Freeze).wav
2197	shakeyRhythmTrack1 3-Shakey Perc Rhythm 8.9.19 soft (Freeze).mp3
2198	shakeyRhythmTrack1 3-Shakey Perc Rhythm 8.9.19 soft (Freeze).wav
2199	shakeyRhythmTrack1 4-Shakey Perc Rhythm the good one (Freeze).mp3
2200	shakeyRhythmTrack1 4-Shakey Perc Rhythm the good one (Freeze).wav
2201	shakeyRhythmTrack1 5-Shakey Perc Rhythm The Beginning (Freeze).mp3
2202	shakeyRhythmTrack1 5-Shakey Perc Rhythm The Beginning (Freeze).wav
2203	shakeyRhythmTrack1 A-Reverb.mp3
2204	shakeyRhythmTrack1 A-Reverb.wav
2205	shakeyRhythmTrack1 B-Delay.mp3
2206	shakeyRhythmTrack1 B-Delay.wav
2207	shakeyRhythmTrack1.mp3
2208	shakeyRhythmTrack1.wav
2209	Untitled.mp3
2210	Untitled.wav
2211	Non Compos Mentis (Singularity).wav
2212	Space Terror - FX 1.26.19.wav
2213	I Know What I Know Singularity With New Keys.mp3
2214	I Know What I Know Singularity With New Keys.wav
2215	I Know What I Know Singularity.mp3
2216	I Know What I Know Singularity.wav
2217	Singularity M (master) Andrew.mp3
2218	Singularity M (master) Andrew.wav
2219	Singularity M (master).mp3
2220	Singularity M Track3.mp3
2221	6-Audio 1 [2019-05-02 050712].wav
2222	Enchantress Fuls in Love [2019-05-02 053144].wav
2223	Siren Cast Original.wav
2224	Sirens Gaze with Drums.wav
2225	The Siren Casts a Gaze.mp3
2226	The Siren Casts a Gaze.wav
2227	bass-main1 variations.mid
2228	chord keys1 arp-recording.mid
2229	cray arp 2.ptb
2230	Crazy Arp Piano.mid
2231	Crazy Arp Piano.ptb
2232	Crazy Arp Piano2.mid
2233	Crazy Arp Piano3.mid
2234	diskeys-midi-rec.mid
2235	Haunting of Snowball (Piano)7.21.18.mp3
2236	Haunting of Snowball (Piano)7.21.18.wav
2237	Haunting of Snowball Pianos.wav
2238	horns rec fix2.mid
2239	horns rec.mid
2240	Mecha Dance Snowball.wav
2241	proc piano diddy - Copy.mid
2242	proc piano diddy.mid
2243	snowball arp chords and horns.ptb
2244	snowball mix attempt2.wav
2245	Snowball mock up (MP3)4.26.mp3
2246	Snowball Opening Chords midi4.26.mid
2247	Snowball Runs.docx
2248	Snowball with Horns.wav
2249	snowball wrangler.wav
2250	snowball-horns-good-5.22.wav
2251	snowball-mix3-525.mp3
2252	snowball-mix3-525.wav
2253	The Haunting of Snowball.mid
2254	Untitled.mid
2255	Untitled2.mid
2256	Mecha Snowball Dreams of Electric Sheep (Uncle Frog).mp3
2257	Mecha Snowball Dreams of Electric Sheep.wav
2258	Haunting MP3 4.5.18.mp3
2259	Haunting MP3 4.5.18.mp3
2260	The Haunting of Snowball Rhythm Variations.mp3
2261	Haunting Midi 4.5.18.mid
2262	The Haunting of Snowball2.mid
2263	Haunting for Midi Exp1.ptb
2264	Haunting tab for Midi Exp 4.5.ptb
2265	The Haunting of Snowball.ptb
2266	The Haunting of Snowball2.ptb
2267	Haunting of Cut1.mp3
2268	Haunting of Snowball.wav
2269	Haunting of Snowball2.wav
2270	Snowball Beginning sections SWING1.mp3
2271	Snowball Opening Chords midi4.26.mid
2272	Snowball Opening Chords v2 updated 5.20.17.mid
2273	Snowball Opening Chords v2 updated 5.20.17.mp3
2274	Snowball Opening Chords v2 updated 5.20.17.ptb
2275	Snowball Opening Chords v2 updated 6.4.17.ptb
2276	Snowball Opening Chords v2.ptb
2277	Snowball Opening Chords1.ptb
2278	Snowball Opening Straight1.mp3
2279	Snowball Practice1.ptb
2280	Snowball Runs.docx
2281	riverFirstSecWithLute.mp3
2282	riverFirstSecWithLute.wav
2283	riverParts2and3.mp3
2284	riverParts2and3.wav
2285	riverSection3Pianos.wav
2286	extracted 2900hz (procession).wav
2287	procession groove sample.wav
2288	removed 2800 procession compare.mp3
2289	SpaceMarineTrack1Acomp.WAV
2290	SpaceMarine_Track2Lead.WAV
2291	SpaceMarine_Track3.WAV
2292	Space Reggae.mp3
2293	Wave Power (Edit 2).mp3
2294	Wave Power.mp3
2295	WAVEPOW1.WAV
2296	Gazers in the New Frontier.mp3
2297	Gazers in the New Frontier.wav
2298	stargazer-drum128bpm.mid
2299	stargazer-quaint.wav
2300	Stargazer_Reborn.mp3
2301	New C Section Image1.bmp
2302	New C section midi1.mid
2303	SGAZE001.WAV
2304	Stargazer 120bpm For Bass Comp exp1.ptb
2305	Stargazer 120bpm For Bass Comp1.ptb
2306	Stargazer Piano Only midi1.mid
2307	Stargazer PRACTICE1.ptb
2308	Stargazer Rough1.mp3
2309	Stargazer Tabs 4 w Revisions1.ptb
2310	Stargazer Tabs Final Revision midi1.mid
2311	Stargazer Tabs Final Revision1.ptb
2312	Stargazer Tabs1.ptb
2313	Stargazer Tabs2.ptb
2314	Stargazer Tabs3 w new C section1.ptb
2315	Theme B1 Image1.bmp
2316	elyd Place Holder Drums1.h2song
2317	SG110.wav
2318	SGbtrack-old1.wav
2319	SGbtrak2.wav
2320	SGdrums1.wav
2321	SGPiano.mp3
2322	SGPiano1.wav
2323	Stargazer 110 drum1.wav
2324	Stargazer 110 mp31.mp3
2325	Stargazer 120 drum1.wav
2326	Stargazer 128 drum1.h2song
2327	Stargazer 135 drum1.h2song
2328	Stargazer 135 drum1.wav
2329	Stargazer Back Track mp31.mp3
2330	Stargazer Back Track mp32.mp3
2331	SGDr128.wav
2332	SGDr1281.wav
2333	SGDr1282.wav
2334	SGGu128.wav
2335	SGPi128.wav
2336	Stargazer 128 drum1.wav
2337	Stargazer Guits Only128 midi3.mid
2338	Stargazer Guits Only128 midi3.mp3
2339	Stargazer Piano Only 128 midi4.mid
2340	Stargazer Piano Only 128 midi4.mp3
2341	Steeple Chaser sampler.wav
2342	Pianos and Synths.wav
2343	Strange Tears  cut 9.38.mp3
2344	Strange Tears  cut 9.38.wav
2345	Strange Tears MIDI Rev5.20.mid
2346	Strange Tears Piano (Freeze).wav
2347	Strange Tears Vs synths.wav
2348	New Sunken Garden.wav
2349	sunken garden c sharp.mid
2350	sunken garden in #.mid
2351	Sunken Garden MIDI Export.mid
2352	sunken garden piano.ptb
2353	SunkenGarden Piano MIDI.mid
2354	SunkenGarden.mp3
2355	SunkenGarden.wav
2356	SunkenGarden1.mp3
2357	SunkenGarden5.1.mid
2358	SunkenGarden5.1.mp3
2359	Bassy Swingin Dick.mp3
2360	Bassy Swingin Dick.wav
2361	It Swings at Night.mp3
2362	swingdick.ptb
2363	Swingin Dick Again 9.10.wav
2364	Swingin Dick9.8.19.mp3
2365	Swingin Strut1.mp3
2366	SwinginDickWithDrums1.mp3
2367	SwinginDickWithDrums1.wav
2368	swinging dick rec.wav
2369	Swinging Dick.mp3
2370	Swinging Dick.wav
2371	Synco Swinging.mp3
2372	8-Addictive Drums 2 1.mid
2373	bladyBalls p4.mid
2374	Cool Swinging Lady Balls.wav
2375	ladyBalls p2.mid
2376	ladyBalls p3.mid
2377	Swingin Lady Ballswav.wav
2378	Swinging lladyballs2.wav
2379	SwingingLadyBalls-cut.mp3
2380	Track 1.mid
2381	8-Audio 0004 [2020-04-05 154317].wav
2382	8-Audio 0006 [2020-04-05 155044].wav
2383	8-Audio 0007 [2020-04-05 160010].wav
2384	Country Drum Beat 81ish BPM [2019-09-06 161441].wav
2385	SwingDickDrums [2019-09-10 095617].wav
2386	SwingDickDrums [2019-09-10 131809].wav
2387	15 beat chords.ptb
2388	8th Melody thing1.ptb
2389	A 3rds track1.mid
2390	A 3rds track1.ptb
2391	Am Melodic Chords1 - 9-4-14.ptb
2392	Ave Maria1 midi1.mid
2393	Bluesin' in C1.mp3
2394	Brett's Diddley.ptb
2395	Bus Ride.mid
2396	C Major Borrow chord practice3 (added to sec A).ptb
2397	C-F Piano track1.mid
2398	C-F Piano track1.ptb
2399	Capo on 3.mid
2400	Capo on 3.ptb
2401	CARIBEAN SALSA SORTA THING1.mid
2402	CARIBEAN SALSA SORTA THING1.ptb
2403	COOL RIFF1.ptb
2404	D jam 2.3.18.mid
2405	D jam 2.3.18.ptb
2406	Directory Song 8.3.18.ptb
2407	Directory Song 8.3.mid
2408	E chords 12.31.17.ptb
2409	Eerie Bluesy thingy1.ptb
2410	G minor fingerpick thng1.ptb
2411	Groove Blues thang1.ptb
2412	Gymnopedie midi.mid
2413	Harmony practice1.ptb
2414	HowtoGetAWinkFromAWaitress.mid
2415	I've got Summer on My Mind 1.ptb
2416	Light Finder Pick in G (Or C).ptb
2417	Never Going Back Piano1.wav
2418	NEW CHORDS.ptb
2419	Slide Guitar Riff 9-23-14.ptb
2420	Strange Tears 8.1.18.ptb
2421	Strange Tears 8.1.mid
2422	SWEET E THANG1.ptb
2423	Tight Funk Riff1.ptb
2424	Railroad Music travis pick in 4.mid
2425	Riff Raff (Updated 631.18).mid
2426	Riff Raff (Updated 631.18).ptb
2427	7-Audio 0001 [2019-06-10 200120].wav
2428	Music on the New Frontier 2(Take 5).mp3
2429	Cleaned Up Full Recording of Long Night MP3.mp3
2430	Fast Long Night.wav
2431	Long Night Wailing and the Synths.mp3
2432	LongNight - Full first 30 mins (machine mouth party, waielrs, start of krimson).mp3
2433	LongNight_KrimsonSection Latest Attempt.mp3
2434	6-Audio 0001 [2019-05-20 113224]-1.wav
2435	6-Audio 0001 [2019-05-20 113224].wav
2436	7-6-Audio 1 (Freeze) 0002 [2019-05-08 003217].wav
2437	7-7-Audio 1 (Freeze) 0002 [2019-05-19 194325].wav
2438	8-Audio 0001 [2019-05-20 042251].wav
2439	8-Audio 0001 [2019-05-20 045306].wav
2440	8-Audio 0001 [2019-05-20 045311].wav
2441	8-Audio 0002 [2019-05-20 045322].wav
2442	9-Tlove-StartJam1 (Freeze) 0002 [2019-05-18 185841].wav
2443	Freeze 7-Two One Two-95bpm [2019-05-19 235711]-1.wav
2444	Freeze 9-6-Audio 1-1 [2019-05-20 125340].wav
2445	mostly fucked long night.wav
2446	LongNight_EndingJam1.mp3
2447	LongNight_HowlerMarchP1.mp3
2448	LongNight_HowlerMarchP2.mp3
2449	LongNight_KrimsonSection Attemp5.mp3
2450	LongNight_KrimsonSection Attempt2 (better quality).mp3
2451	LongNight_KrimsonSection Attempt3 (poss best).mp3
2452	LongNight_KrimsonSection Attempt4.mp3
2453	LongNight_KrimsonSection Attempted Mixing.mp3
2454	Strange Tears PianoShort.mp3
2455	Synth Isolate from Wails.mp3
2456	The Wailing Widows and the Return of the Synths.mp3
2457	The Wailing Widows and the Return of the Synths2.mp3
2458	6-Audio 0001 [2019-05-21 072724]-1.wav
2459	6-Audio 0001 [2019-05-21 072724].wav
2460	6-Audio 0002 [2019-05-21 072744].wav
2461	7-6-Audio 2 0003 [2019-05-21 072108].wav
2462	Pretty Lady Sings Tears.wav
2463	A ring a ting tang, a ring a ting ting.mp3
2464	note clip from 3face.wav
2465	offworld (phased).mp3
2466	Offworld (up).mp3
2467	Offworld.mp3
2468	The 3rd Face.mp3
2469	The 3rd Face.wav
2470	The 3rd Face2.mp3
2471	the-third-face.mp3
2472	the-third-facenEW.mp3
2473	Three Faces Raw Jam.wav
2474	T Love 2.0 Jam with Space Music at End.wav
2475	The Long Night (Extended Jam).mp3
2476	The Long Night (Extended Jam).wav
2477	The Long Night (Extended Jam)2.mp3
2478	Tlove PipeDreams.wav
2479	TLove to Infinity and Beyond.mp3
2480	tough-love-traditional.wav
2481	7-6-Audio 1 (Freeze) 0003 [2019-05-08 003546]-1.wav
2482	8-7-Audio 1 0001 [2019-05-08 131654].wav
2483	Freeze 7-6-Audio 1 [2019-05-07 152720].wav
2484	Freeze 7-Audio [2019-05-05 105112].wav
2485	Freeze 7-Audio [2019-05-08 005406].wav
2486	Freeze 8-7-Audio 1 [2019-05-08 135115].wav
2487	Love So Tough I Can't Get Enough.mp3
2488	Mecha Tlove.mp3
2489	Tlove Sample Long Jam.wav
2490	Tough Love Sampler w Horns.wav
2491	tough-love-traditional.wav
2492	6-Audio 1 (Freeze) [2019-05-08 004239].wav
2493	8-7-Audio 1 1 [2019-05-08 133954].wav
2494	tLOVEER [2019-05-08 005243].wav
2495	3-Audio 0001 [2019-10-26 210422].wav
2496	Best Uncle Frog.mp3
2497	Early Uncle Froggin with Piano.wav
2498	Mecha Snowbal Angry Unclel.wav
2499	Mecha Snowball's Unwholesome Uncle Pursues a Mate.mp3
2500	Uncle Frog Ableton Sample.wav
2501	Uncle Frog's Space Chorus 2.mp3
2502	Uncle Frog's Space Chorus 3.mp3
2503	Uncle Space Chorus (Mecha Opioid Good Mornin Girl).mp3
2504	Jazz Ice Cold and Dark REc.wav
2505	lstarstab3.mid
2506	Walk With Me Remaster (9.22.19).mp3
2507	Walk With Me9.26 cleanup.mp3
2508	walk-with-me5.20.20.wav
2509	WalkWith Me 9.30tab.mid
2510	WalkWithMe.mp3
2511	WWM Horns Master.mp3
2512	WWM new Second Part (Guitar2 8ths).mid
2513	WWM new strings.mid
2514	WWM tab rec.wav
2515	WWM-2ndHalfOnly.pdf
2516	wwm9.27 new parts recording edit1.wav
2517	wwm9.27 new parts recording.mp3
2518	wwm9.27 new parts recording.wav
2519	mysteryDrums1.wav
2520	WalkWithMe_take1.mp3
2521	WalkWithMe_take2.mp3
2522	WWM-2ndHalfOnly.gp5
2523	WWM-2ndHalfOnly.pdf
2524	WWM-2ndHalfOnly.tab
2525	WWM-2ndHalfOnly.tg
2526	WWM-2ndHalfOnly.xml
2527	WWM-2ndHalfTab9.10.ptb
2528	WalkWithMeTab.ptb
2529	WalkWithMeTab2.ptb.tg
2530	WalkWithMeTab2.tg
2531	WalkWithMeTab80.ptb
2532	WalkWithMeTab80.wav
2533	WalkWithMeTab9.13.gp5
2534	WalkWithMeTab9.13.pdf
2535	WalkWithMeTabMIDI.mid
2536	WalkWithMe_AllTrackspdf.pdf
2537	WalkWithMe_Export1.mid
2538	WalkWithMe_ExportLow.mid
2539	WalkWithMe_LeadTab.pdf
2540	wwm 10.21.mid
2541	WWM bass added.mid
2542	WWM bass added.ptb
2543	WWM new G2 and G3.mid
2544	WWM new Second Part (Guitar2 8ths).ptb
2545	WWM no 2nd half.mid
2546	WWM no 2nd half.pdf
2547	WWM no 2nd half.ptb
2548	WWM no 2nd half.xml
2549	wwm tab 9.20.19.mid
2550	WWM-2ndHalfOnly.mid
2551	WWM-2ndHalfTab9.10.mid
2552	leadnew.mid
2553	leadnew.ptb
2554	WWM _G1 2.mid
2555	WWM _G2.mid
2556	WWM_LeadMod 2.mid
2557	WWM_LeadReg 2.mid
2558	Walk With Me  v1 Clean.wav
2559	Walk With Me (Extra Bounce).mp3
2560	Walk With Me v1 (TalkWithMe).wav
2561	Walk With Me v2 (Guitars).mp3
2562	Walk With Me v2 edited.mp3
2563	Walk With Me.mp3
2564	WalkWithMe V2 Master.wav
2565	WalkWithMe_Remaster1.mp3
2566	WarDrums1_6.12.19.wav
2567	8-Audio 0001 [2019-09-22 035017].wav
2568	8-Audio 0003 [2019-09-22 033029].wav
2569	Freeze 8-wwm 9.22.19 trans [2019-09-22 040744].wav
2570	Walk with Me 9.22.19 master.mp3
2571	wwm new master9.21.mp3
2572	wwm new master9.21.wav
2573	wwm new master9.21_no trans2.mp3
2574	wwm new master9.21_no trans2.wav
2575	wwm new master9.21_trans1.mp3
2576	wwm new master9.21_trans1.wav
2577	bridge.wav
2578	introRiff.wav
2579	MECHA WWM.wav
2580	themeA.wav
2581	themeB.wav
2582	themeC.wav
2583	wwm full1.mp3
2584	wwm full1.wav
2585	wwm full2.wav
2586	wwm-spectrum-export.txt
2587	wwm_full_master9.22.wav
2588	7-Audio 2 (Freeze) [2019-04-28 083542].wav
2589	WDKY PostMaster1.mp3
2590	WDYK Raw Recording.wav
2591	WDYK Sample Track (Clean and good).wav
2592	What do you know (about hip hop).mp3
2593	What do you know (about hip hop).wav
2594	What Do You Know Final (Original).mp3
2595	What Do You Know Reborn Again.mp3
2596	what-do-you-know-mecha.mp3
2597	what-do-you-know-mecha8.8.2021 (Mastered with Clear Sky at 100pct).wav
2598	what-do-you-know-mecha8.8.2021.wav
2599	What Do You Know (Ohm Shift 1)edit1.mp3
2600	What do you know cleanest bassiest version.wav
2601	What Do You Know remaster(freezeFlat).mp3
2602	What Do You Know remaster(freezeFlat).wav
2603	What Do You Know remaster1.mp3
2604	What Do You Know remaster1.wav
2605	WDYK 5.1.2020 good.wav
2606	WDYK 5.3.2020 good ed.mp3
2607	WDYK 5.3.2020 good ed.wav
2608	What do you know cleanest bassiest version.wav
2609	Ohm master recording best 5.3.mp3
2610	Ohm master recording best 5.3.wav
2611	What do you know Ohm Rec File (good).wav
2612	mecha wild onion rec2.wav
2613	Wild Onion melancholy full'.wav
2614	Wild Onion Melancholy4.22.mp3
2615	Wild Onion Melancholy4.22.wav
2616	wild onion scene 2 p1.mid
2617	wild onion scene 2 p2.mid
2618	wild onion scene 2 tab.ptb
2619	Wild Onion Section B Variation.mid
2620	onion-expansion-slow p3.mid
2621	onion-expansion-slow1.mid
2622	onion-expansion-slow2.mid
2623	wild onion melancholy p1.mid
2624	wild onion melancholy p2 refined 422 2.mid
2625	wild onion melancholy p2 refined 422.mid
2626	wild onion melancholy p2 refined 422.ptb
2627	wild onion melancholy p2.mid
2628	wild onion melancholy p3.mid
2629	beginning of new section [2019-06-13 180209].wav
2630	drums.wav
2631	keep [2019-06-13 181232].wav
2632	TinStomperDrum1.wav
2633	TinStomperDrum2.wav
2634	Zeus (It Walks Among Us).mp3
2635	Zeus is Beside Himself.wav
2636	Zeus is Deep (v1).wav
2637	Zeus is Deep v2.mp3
2638	Zeus is Deep v32.mp3.mp3
2639	Zeus is Handsome.wav
2640	Zeus is Hip1.wav
2641	Zeus is Hip2.wav
2642	Zeus is Loose.wav
2643	Zeus Main Jam (Reversed).wav
2644	08 Trick Baby.mp3
2645	Am Jam .gp
2646	Andrew song.mp3
2647	Baby Comin Home - Atkins and Reed_1976.mp3
2648	Babys Comoing Home tux1.tg
2649	Bch 12.29.17 (1).mp3
2650	Broken Levers 11.9.17.mp3
2651	Capo on 3 2.html
2652	Capo on 3 2.ptb
2653	Capo on 3.html
2654	Capo on 3.ptb
2655	chet-atkins-ill-see-you-in-my-dreams.pdf
2656	Chords1.txt
2657	D jam 2.3.18.ptb
2658	E chords 12.31.17.ptb
2659	Filter The Choir.txt
2660	Fleetwood Mac - Never Going Back Again (power tab).ptb
2661	Fleetwood Mac - Never Going Back Again (tux1).tg
2662	Hendrixing.mid
2663	I'll See You In My Dreams (Jake Edit1).mid
2664	I'll See You In My Dreams (Jake Edit1).ptb
2665	I'll See You In My Dreams 1.29.18.ptb
2666	I'll See You In My Dreams Andrew Edit1).ptb
2667	I'll See You In My Dreams.mid
2668	I'll See You In My Dreams.pdf
2669	I've got Summer on My Mind tuxguiar1.tg
2670	Ill See You In My Dreams (power tab).ptb
2671	Lay Down and Die.txt
2672	New Chord IDeas.tab
2673	Other jam 12.31.17.mp3
2674	Riff Raffingtonshire.mp3
2675	Silent_Night.pdf
2676	Summertime - Gershwin.pdf
2677	SWEET E THANG1.ptb
2678	Tennessee Stud.ptb
2679	The Riff Raff1 - Copy.txt
2680	The Riff Raff1.txt
2681	Music Harmony Analysis - Harmonic Complexity (Music Model).pdf
2682	poopers.rtf
2683	Principles of Composition.pdf
2684	Principles of Counterpoint.pdf
2685	Principles of Orchestration.pdf
2686	Principles of Piano Technique.pdf
2687	Seventh Chord Constructon1.jpg
2688	StructureOutline.pdf
2689	Audiority_Deleight_Manual.pdf
2690	Baby Coming Home Chord chart1.jpg
2691	Baby's Coming Home Tab 2.5.18.pdf
2692	Babys Coming Home - Chet Atkins (YouTube Rip1).mp3
2693	Babys Coming Home 120 dotted quarters edited1.mp3
2694	Babys Coming Home 120 pract1.ptb
2695	Babys Coming Home 120 w swing quarter dotted beats1.ptb
2696	Babys Coming Home 120 w swing quarter dotted midi1.mid
2697	Babys Coming Home 120 w swing quarter dotted mp3.mp3
2698	Babys Coming Home 160bpm w swing.ptb
2699	Babys Coming Home Capo2 practoce.ptb
2700	Babys Coming Home Capo2.ptb
2701	Babys Coming Home exp.ptb
2702	Babys Coming Home sec2.png
2703	Babys Coming Home V2 - good7.15.21.ptb
2704	Babys Coming Home1 - Bass and Treb Separated1.ptb
2705	Babys Coming Home1.mid
2706	Babys Coming Home1.png
2707	Babys Coming Home1.ptb
2708	BCH Tab 1.jpg
2709	Brett's Diddley New A endings1.ptb
2710	Brett's Diddley.ptb
2711	BOUNCIN J.wav
2712	Butt Crusties1.ptb
2713	CANDYLAND bass and drum1.wav
2714	Candyland bass tab1.ptb
2715	Candyland draft midi1.mid
2716	Candyland full tab1.ptb
2717	Candyland practice tab midi1.mid
2718	Candyland practice tab1.ptb
2719	DISSONANCE drums.wav
2720	dreams from beyond.wav
2721	pirt bot m.mid
2722	PROGRESS.wav
2723	Butt Crusties - The Model Throttle.WAV
2724	Butt Crusties acc midi2.mid
2725	Butt Crusties Drum1.WAV
2726	Butt Crusties Lead midi1.mid
2727	BCacc1.wav
2728	BCdrums1.wav
2729	BClead1.wav
2730	Ain't it Funny - DSS.WAV
2731	BOV0T001.WAV
2732	DANCE001.WAV
2733	DTF-1000.WAV
2734	Get it On - DSS.WAV
2735	jazzy synco new experiment.ptb
2736	MOZY-NOD.WAV
2737	No Memento - DSS (03).WAV
2738	No Memento experiment 1.ptb
2739	SOLD2001.WAV
2740	Song 3.ptb
2741	song 6 (get it on).ptb
2742	walking bass line 1.ptb
2743	WWPNOD01.WAV
2744	A Month and a Half.ptb
2745	amah1.ptb
2746	AMAH5002.WAV
2747	E SUITE SONG 1.ptb
2748	experiement 1.ptb
2749	song 5 exp1.wav
2750	Danslyrics.txt
2751	Danslyrics.txt
2752	MOZYIN04.WAV
2753	MOZYIN05.WAV
2754	Slanderous Woman Tab1.ptb
2755	Tough Love (w Band).WAV
2756	Tough Love Score1.ptb
2757	Tough Love Score1.tab
2758	Tough Love.txt
2759	Bass1.WAV
2760	Drums1.WAV
2761	Horns2.WAV
2762	Keyboard1.WAV
2763	Vocals and Horns1.WAV
2764	WWPNOD01.mp3
2765	Dissonance Tab1.ptb
2766	YFBID001.WAV
2767	Your Flavor Blooms Dissonant.mp3
2768	B-Station-License-2018-07-08.fnlf
2769	uviworkstation_user_guide_en.pdf
2770	Installation and Authorization Manual.pdf
2771	Torrent downloaded from Demonoid.me.txt
2772	baervaag_docs.pdf
2773	License.txt
2774	README.txt
2775	bzip2.txt
2776	fontconfig.txt
2777	freetype.txt
2778	frei0r.txt
2779	gme.txt
2780	gnutls.txt
2781	lame.txt
2782	libass.txt
2783	libbluray.txt
2784	libcaca.txt
2785	libgsm.txt
2786	libiconv.txt
2787	libilbc.txt
2788	libmodplug.txt
2789	libtheora.txt
2790	libvorbis.txt
2791	libvpx.txt
2792	libwebp.txt
2793	opencore-amr.txt
2794	openjpeg.txt
2795	opus.txt
2796	rtmpdump.txt
2797	schroedinger.txt
2798	soxr.txt
2799	speex.txt
2800	twolame.txt
2801	vid.stab.txt
2802	vo-aacenc.txt
2803	vo-amrwbenc.txt
2804	wavpack.txt
2805	x264.txt
2806	x265.txt
2807	xavs.txt
2808	xvid.txt
2809	zlib.txt
2810	How To Open Nfo Files.txt
2811	File_ID.diz
2812	.travis.yml
2813	acinclude.m4
2814	AUTHORS
2815	autogen.sh
2816	ChangeLog
2817	CMakeLists.txt
2818	configure.ac
2819	INSTALL
2820	install-sh
2821	LICENSE
2822	missing
2823	mkinstalldirs
2824	NEWS
2825	README-OSX
2826	README.cmake
2827	README.md
2828	THANKS
2829	TODO
2830	README
2831	CheckDIRSymbolExists.cmake
2832	CheckPrototypeExists.cmake
2833	CheckSTDC.cmake
2834	DefaultDirs.cmake
2835	FindMidiShare.cmake
2836	FindOSS.cmake
2837	FindReadline.cmake
2838	report.cmake
2839	TestInline.cmake
2840	TestVLA.cmake
2841	UnsetPkgConfig.cmake
2842	CMakeLists.txt
2843	Doxyfile
2844	Doxyfile.cmake
2845	FluidSynth-LADSPA.pdf
2846	fluidsynth-v10-devdoc.xml
2847	fluidsynth-v11-devdoc.txt
2848	README
2849	xtrafluid.txt
2850	CMakeLists.txt
2851	fluidsynth.h
2852	CMakeLists.txt
2853	config.cmake
2854	config_macos.h
2855	config_macosx.h
2856	config_macosx_pb.h
2857	config_win32.cmake
2858	fluid_cmd.h
2859	fluid_ladspa.h
2860	fluid_lash.h
2861	fluid_rtkit.h
2862	fluid_adriver.h
2863	fluid_mdriver.h
2864	fluid_midi.h
2865	fluid_midi_router.h
2866	fluid_adsr_env.h
2867	fluid_chorus.h
2868	fluid_iir_filter.h
2869	fluid_lfo.h
2870	fluid_phase.h
2871	fluid_rev.h
2872	fluid_rvoice.h
2873	fluid_rvoice_event.h
2874	fluid_rvoice_mixer.h
2875	fluid_defsfont.h
2876	fluid_ramsfont.h
2877	fluid_sfont.h
2878	fluid_chan.h
2879	fluid_event_priv.h
2880	fluid_gen.h
2881	fluid_mod.h
2882	fluid_synth.h
2883	fluid_tuning.h
2884	fluid_voice.h
2885	fluid_event_queue.h
2886	fluid_rvoice_handler.h
2887	fluidsynth.mcp
2888	README.txt
2889	fluidsynth.dsw
2890	fluidsynth.sln
2891	fluidsynth.dsp
2892	fluidsynth.vcproj
2893	fluidsynth_dll.dsp
2894	fluidsynth_dll.vcproj
2895	fluidsynth_priv.h
2896	fluid_conv.h
2897	fluid_hash.h
2898	fluid_list.h
2899	fluid_ringbuffer.h
2900	fluid_settings.h
2901	fluid_sys.h
2902	CHANGELOG.txt
2903	GeneralUser GS v1.47.sf2
2904	GUTest.mid
2905	LICENSE.txt
2906	README.txt
2907	All Night Long.mid
2908	earthday.mid
2909	majicalljarr.mid
2910	Take 5 - by Paul Desmond.mid
2911	The Christmas Song.mid
2912	To Make the End of Battle.mid
2913	GU1.43 Percussion Map.pdf
2914	.GeneralUser GS 1.43.ins.kate-swp
2915	GeneralUser_GS_1.43.rgd
2916	air-reason4kgn.rar
2917	sibelius710-tutorials-en.pdf
2918	Instructions.txt
2919	Timbres Of Heaven GM_GS_XG_SFX V 3.4 Final.sf2
2920	Timbres Of Heaven GM_GS_XG_SFX V 3.4 Final.txt
2921	Info.txt
2922	Screenshot of Transcribe.png
2923	Transcribe Flyer.pdf
2924	Transcribe Video Tutorial - 5 minutes.flv
2925	Trial_reset.reg
2926	EligibilityNotice.pdf
2927	food stamps.txt
2928	Healthcare account info.txt
2929	Login Infos.txt
2930	LOVECRAFT quotes1.txt
2931	Movies list1.txt
2932	PROG BANDS TO CHECK OUT.txt
2933	Random Thoughts.txt
2934	READING LIST1.txt
2935	scholarship list1.txt
2936	Social wisdom.txt
2937	Story ideas.txt
2938	thoughts and quotes.txt
2939	VOCAB WORDS1.txt
2940	Song 4 - DSS.WAV
2941	bch AUDIO ONLy.mp3
2942	BCH audio only1.mp3
2943	I'll See You In My Dreams.pdf
2944	Old Timey2.ptb
2945	Untitled.ptb
2946	Video Recording.wmv
2947	How To Open Nfo Files.txt
2948	File_ID.diz
2949	Baby Coming Home4.23.18.mp3
2950	BCH audio only1.mp3
2951	Country Drum Beat 81ish BPM.mp3
2952	Dixie Sad1.ptb
2953	Flicking the Bean.wav
2954	dc66a3fa-0fe1-5352-91cf-3ec237e9ee90.xmp
2955	Baby's Coming Home Tab 2.5.18.pdf
2956	Babys Coming Home Capo2.ptb
2957	Babys Coming Home1 - Bass and Treb Separated1.ptb
2958	Babys Coming Home1.mid
2959	Tears In Heaven.gp
2960	Capo on 3 jam2.3.18.mid
2961	E chords 12.31.17.mid
2962	I've got Summer on My Mind 1.mid
2963	SWEET E THANG1.mid
2964	D_Jam_2.11.18[1].mp3
2965	Flicking the Bean.mp3
2966	Flicking the Bean.wav
2967	G Jam 12.31.17.mp3
2968	Got another 2.wav
2969	Mellow jam MP3 (based on BCH).mp3
2970	Fleetwood Mac - Never Going Back Again - Practice -  (power tab).ptb
2971	10-Fingerstyle-Jazz-Guitar-Exercises-pdf.pdf
2972	138678201-Ave-Maria-Chet-Atkins.pdf
2973	180911105-Baby-s-coming-home-2-pdf.pdf
2974	234565261-Cannonball-Rag-by-Merle-Travis-pdf.pdf
2975	Acoustic-blues-guitar-styles.pdf
2976	Arranging-Fingerstyle-Howard-Morgen.pdf
2977	blues-guitar.pdf
2978	blues2-Course.pdf
2979	Buster-B-Jones-Hot-Licks-Rhythms-Grooves.pdf
2980	Chet-Atkins-Almost-Alone-Tab-Book.pdf
2981	Chet-Atkins-Mister-Sandman.pdf
2982	Chet-Atkins-Take-Five.pdf
2983	Chord-Melody-Method-Bill-Hart-398.pdf
2984	Concepts-Arranging-for-Fingerstyle-Guitar.pdf
2985	Contemporary-Travis-Picking.pdf
2986	Country-the-Guitar-Style-of-Jerry-Reed-Part-1.pdf
2987	Delta-Blues-Guitar-Stefan-Grossman.pdf
2988	Fingerpicking-country-blues-guitar.pdf
2989	Fingerstyle-Guitar-From-the-Ground-Up-Volume-2.pdf
2990	Guitar-Songbook-Kenny-Sultan-Acoustic-Blues-Guitar.pdf
2991	Jazz-Guitar-Comping.pdf
2992	jazz-guitar-handbook.pdf
2993	Jazz-Guitar.pdf
2994	Jerry-Reed-Heavy-Neckin-John-Knowles-Sound-Hole.pdf
2995	Key to the Highway Original Tab_Sheet Music.pdf
2996	Mississippi-John-Hurt-The-Guitar-of-Volume-1.pdf
2997	Pat-Martino-Creative-Force-1.pdf
2998	Peter-Green-Guitar-Tab-Book.pdf
2999	Peter-Green-s-Fleetwood-Mac.pdf
3000	Peter-Green-s-Fleetwood-Mac.txt
3001	pickin-like-Chet-Atkins-vol1-1.pdf
3002	Right-Hand-Development-for-Jazz-Guitar.pdf
3003	Sight-Reading-Guitar-Music-Notes.pdf
3004	St-grossman-Country-Blues-Guitar-in-Open-Tunings-on-DVD.pdf
3005	Stefan-Grossman-Finger-Picking-Guitar-Techniques-Vol-2-Booklet.pdf
3006	The-Guitar-of-Jerry-Reed-Michel-Lelong.pdf
3007	Travis-Style-Picking.pdf
3008	Vincent - Mclean1.png
3009	vincent-chet-atkins.txt
3010	Vincent-ish-Progression.pdf
3011	A Memory Remains1.mp3
3012	BOV NEW RIFF (4-7-2014).ptb
3013	Breakfast on Vacation.mp3
3014	C Major Borrow chord practice1.ptb
3015	C Major Borrow chord practice2.ptb
3016	C Major Borrow chord practice3 (added to sec A).ptb
3017	CARIBEAN SALSA SORTA THING1.ptb
3018	CHARLES2.mp3
3019	CHARLES2.WAV
3020	Chrom Harmony practice midi test1.mid
3021	Chrom Harmony practice1.ptb
3022	ChromatiJazz mp31.mp3
3023	ChromatiJazz tab1.mid
3024	ChromatiJazz tab1.ptb
3025	ChromatiJazz tab2.ptb
3026	ChromatiJazz tab3.ptb
3027	ChromatiJazz tab4.ptb
3028	ChromatiJazz tab5 (bugged).ptb
3029	Country 2 step drum1.h2song
3030	Country 2 step drum1.wav
3031	Country 2 step slow1.wav
3032	Country Stuf90.mid
3033	Country Stuf90.mp3
3034	Country Stuff midi1.mid
3035	Country Stuff midi1.mp3
3036	Country Stuff mp31.wav
3037	CRICKET CHRIP1.mp3
3038	CS110.wav
3039	CS90.wav
3040	CYdrum1.wav
3041	CYdrum90.wav
3042	DEEPO001.WAV
3043	experiement 1.ptb
3044	experiement 2.ptb
3045	F mixo1 drums.h2song
3046	F mixo1 drums.wav
3047	F Mixolydian midi1.mid
3048	F Mixolydian mp31.mp3
3049	F Mixolydian tab1.ptb
3050	F Mixolydian tab2.ptb
3051	FLOOPS midi test1.mid
3052	FLOOPS midi test1.ptb
3053	Fun Town5 short version2 mp3.mp3
3054	GYMN0001.WAV
3055	GYMN00011.mp3
3056	Gymnopedie experiment1.mp3
3057	Gymnopedie1.mp3
3058	I Know You drums1.h2song
3059	I Know You drums1.wav
3060	IKYdrums1.wav
3061	Joeys song drum1.h2song
3062	Joeys song drum1.wav
3063	Joeys Song midi1.mid
3064	Joeys Song mix1.wav
3065	Joeys Song mp31.mp3
3066	Joeys Song Practice 1.ptb
3067	Joeys Song1.ptb
3068	Joeys Song2.mp3
3069	JSmix1.wav
3070	JSmono1.wav
3071	KING KONG THEME A1.ptb
3072	MEMORY04.WAV
3073	MEMORY06.WAV
3074	MEMORY07.WAV
3075	Sexxy Jazz chords1.ptb
3076	SOLDNEW1.mp3
3077	SOLDNEW1.WAV
3078	SONG NAMES.txt
3079	Space Deep.mp3
3080	T'MERSHI DUWEEN1.ptb
3081	The Overture of the Morbid Nietzschean Space Vikings.mp3
3082	Thick Air Lyrics1.txt
3083	walking bass line 1.ptb
3084	We're All Victims Now!.WAV
3085	A Month and a Half.ptb
3086	AMAH full band clip1.mp3
3087	AMAH5002.WAV
3088	E SUITE SONG 1.ptb
3089	Song 5 (Untitled).ptb
3090	song 5 exp1.wav
3091	AIF (Edit 1).WAV
3092	AIF 69.35bpm most recent1.mp3
3093	AIF Drums.WAV
3094	AIF Guitar1.WAV
3095	AIF jam1.mp3
3096	AIF lyrics 1.txt
3097	Ain't It Funny (Guitar and Drums)1.mp3
3098	Ain't It Funny 69.35bpm no delay1.mp3
3099	Ain't it Funny 69.35bpm with delay1.mp3
3100	Ain't It Funny 95bpm (Guitar and Drums)1.mp3
3101	CANDID01.mp3
3102	Candid1.ptb
3103	Circus Tab1.ptb
3104	Circus Tab2 (Cut 3time theme a1).ptb
3105	CircusFull_Midi.mid
3106	CircusStrings i(Cut 3time theme a1).mid
3107	Country Stuff midi1.mid
3108	Country Stuff rhythm midi1.mid
3109	Country Stuff rhythm1.ptb
3110	Country stuff1 fl.flp
3111	Country Stuff1.ptb
3112	Country Stuff2.ptb
3113	DARKF002.WAV
3114	DARKFUNK.WAV
3115	Mischief.mp3
3116	Mischievous (The Dark Groove).mp3
3117	Dreamers (Suburban Sexual Tension).mp3
3118	Dreamers (Suburban Sexual Tension).WAV
3119	Proto-Dreamers (Rural Sexual Tension).mp3
3120	Fun Town 6 extend C midi1.mid
3121	Fun Town 6 extend C midi1.mp3
3122	Fun Town Draft1.mp3
3123	Fun Town Lyrics Scratch1.txt
3124	Fun Town1.ptb
3125	Fun Town2.ptb
3126	Fun Town3.ptb
3127	Fun Town4.ptb
3128	Fun Town5 midi1.mid
3129	Fun Town5 midi2.mid
3130	Fun Town5 midi2.mp3
3131	Fun Town5 PRACTICE1.ptb
3132	Fun Town5 short version1 midi.mid
3133	Fun Town5 short version1 mp3.mp3
3134	Fun Town5 short version2 midi.mid
3135	Fun Town5 short version2 mp3.mp3
3136	Fun Town5.ptb
3137	A Flat1.WAV
3138	How to Get A Wink From A Waitress band arrangement1.ptb
3139	How to Get A Wink From A Waitress band arrangement2.mid
3140	How to Get A Wink From A Waitress band2 mp3.mp3
3141	How to Get A Wink From A Waitress MASTERED SAMPLE1.mp3
3142	How to Get A Wink From A Waitress model1.mp3
3143	How to Get A Wink From A Waitress Tab1 midi.mid
3144	How to Get A Wink From A Waitress Tab1.ptb
3145	How to Get A Wink from A Waitress.mp3
3146	How to Get a Wink From A Woman.mp3
3147	How to get A Wink.WAV
3148	HtGAWFAW.ptb
3149	Wink Draft 1.mp3
3150	WINK Draft 3 (FAST1).mp3
3151	WINK Draft 3.mp3
3152	WINK0003.WAV
3153	WINKO002.WAV
3154	B levers Dan's Bass Riff1.jpg
3155	B levers full band score1.jpg
3156	BROKEN LEVERS (DAN).wav
3157	BROKEN LEVERS 2 (DAN).wav
3158	Broken Levers 85 tabs.mid
3159	Broken Levers Acoustic 2.mp3
3160	Broken Levers Acoustic midi2.mid
3161	Broken Levers Additions (NO BUILD UP)1.ptb
3162	Broken Levers Additions (WITH BUILD UP) midi1.mid
3163	Broken Levers Additions (with build up) mp31.mp3
3164	Broken Levers Additions (WITH BUILD UP)1.ptb
3165	Broken Levers Additions (WITH BUILD UP)2.ptb
3166	Broken Levers Additions (WITH BUILD UP)3.ptb
3167	Broken Levers Additions (WITH BUILD.mp3
3168	Broken Levers BASS EXPERIMENT1 tabs.ptb
3169	Broken Levers BASS EXPERIMENT2 tabs.ptb
3170	Broken Levers BASS EXPERIMENT3 tabs.mid
3171	Broken Levers BASS EXPERIMENT3 tabs.mp3
3172	Broken Levers BASS EXPERIMENT3 tabs.ptb
3173	Broken Levers Full Instrument demo2.mp3
3174	Broken Levers SA Sheet2.jpg
3175	Broken Levers tab midi1.mid
3176	Broken Levers tab1.ptb
3177	Broken Levers tab2 (Additional Section1).ptb
3178	Dissonance Import Tab (HTML)1.html
3179	Dissonance Tab1 (Import version1).html
3180	Dissonance Tab1 (Import version1).ptb
3181	Dissonance Tab1 midi.mid
3182	Fun Town5 midi1.mid
3183	Candid Jam1.wav
3184	Candid Jam1.wma
3185	CANDID01.WAV
3186	GUITAR01.WAV
3187	Jam 11 (Dan, Stefan).mp3
3188	Jam 11 (Dan, Stefan).wav
3189	MIXST001.WAV
3190	Post-Candid Jam1.wma
3191	song 5 exp1.mp3
3192	Whammy - Jake Hamilton n Folks.wav
3193	Whammy - Jake Hamilton n Folks.wma
3194	Jake Hamilton n Folk (Dan, Stefan, Jake).wav
3195	Jake Hamilton n Folk (Dan, Stefan, Jake).wma
3196	Jamnasium (Edit 1).mp3
3197	Jamnasium (Short Edit1).mp3
3198	MOZY no drums.mp3
3199	Aurora (edit 2 fast).mp3
3200	Dreamers (Suburban Sexual Tension).WAV
3201	Lulu Goes Away.WAV
3202	Mischievous1.mp3
3203	Pfizer Does It Again.mp3
3204	Tough Love (Edit 1).WAV
3205	Lulu Goes Away.mp3
3206	Pfizer Does It Again Sheet1.sib
3207	1 LYRICS SCRATCH.txt
3208	A Month and A Half.txt
3209	Adam's Psychedelic Crisis.txt
3210	All Turned Around.txt
3211	do it all again.txt
3212	factories n stuff.txt
3213	Going Nowhere1.txt
3214	Golden Chores.txt
3215	Honestly, Jeeves.txt
3216	I Know You.txt
3217	Knowing People.txt
3218	Leaving.txt
3219	Lick the Toad.txt
3220	Lifeboat Ethics.txt
3221	my hair is turning grey.txt
3222	My Rap byitch1.txt
3223	Oh Boy.txt
3224	On the Other Side.txt
3225	Paper Tiger1.txt
3226	Rock Machine.txt
3227	Slanderous Woman.txt
3228	stuff.txt
3229	The Big and Nasty.txt
3230	The Family Unit Collapses.txt
3231	The Typical Sleaze.txt
3232	The Withering Eve.txt
3233	Tough Love.txt
3234	Two shades of blue (bri's).txt
3235	Watching the TV.txt
3236	We're All Victims Now!.txt
3237	Welcome to the Forum (BIG TENT)1.txt
3238	What Do You Know.txt
3239	Zombies or Sheep.txt
3240	Groove Blues thang1.ptb
3241	Hoo Hoo, Ooo Eee Ooo.mp3
3242	Hoo Hoo, Ooo Eee Ooo.WAV
3243	Jim Hall - Autumn Leaves (Power).ptb
3244	Led Zeppelin - Black Dog (Power).ptb
3245	Led Zeppelin - Moby Dick (Power).ptb
3246	Lick My Love Pump.sib
3247	Light Finder Pick in G (Or C).ptb
3248	Moby Dick - Zeppelin1.ptb
3249	TSLEAZE1.mp3
3250	vikings1.mp3
3251	What Is It But A Walk, Anyways.mp3
3252	15 beat chords.ptb
3253	8th Melody thing1.ptb
3254	A 3rds track1.ptb
3255	Am Melodic Chords1 - 9-4-14.ptb
3256	Brett's Diddley.ptb
3257	Eerie Bluesy thingy1.ptb
3258	G minor fingerpick thng1.ptb
3259	Groove Blues thang1.ptb
3260	Light Finder Pick in G (Or C).ptb
3261	Slide Guitar Riff 9-23-14.ptb
3262	Tight Funk Riff1.ptb
3263	No Memento experiment 1.ptb
3264	No Memento.ptb
3265	PENTER01.WAV
3266	Pfizer Entertains 2.mp3
3267	Pfizer Entertains.mp3
3268	Pfizer Entertains.ptb
3269	A modification1.bmp
3270	PCP Practice1.ptb
3271	Power Chord Pickin (110bpm, drum1).mp3
3272	Power Chord Pickin (110bpm, full)1.ptb
3273	Power Chord Pickin (110bpm, full)mp31 most recent.mp3
3274	Power Chord Pickin (110bpm, no drums1)project1.mp3
3275	Power Chord Pickin Drum1.h2song
3276	Power Chord Pickin Drum1.wav
3277	Power Chord Pickin f major exp1.ptb
3278	Power Chord Pickin slow mp31.mp3
3279	E Lydian Bmajor 9-4 Riff1.ptb
3280	A Month and a Half.ptb
3281	A Month and A Half.txt
3282	AIF (Edit 1).WAV
3283	AIF lyrics 1.txt
3284	The Matador tab1.ptb
3285	The Matador tab2.ptb
3286	3m later.ptb
3287	Three Months Later.mp3
3288	Three Months Later.WAV
3289	Bass.WAV
3290	Drum.MP3
3291	Guitar 1 (Brett).WAV
3292	T-T Structure.docx
3293	Tit-Tanic (1).MP3
3294	Tit-tanic Draft 1.mp3
3295	Tit-tanic Draft 2.mp3
3296	TIT00001.WAV
3297	TITST001.WAV
3298	Full Band C1.wav
3299	TBass C1.pk
3300	TBass C1.wav
3301	TDrums C1.wav
3302	TGuitar 1 C1.wav
3303	Fast Love (w Band2, re-edited)1.mp3
3304	T love Bass.mp3
3305	T love No Drums.mp3
3306	TLBASS01.WAV
3307	TLND0001.WAV
3308	TLOVE001.WAV
3309	TLOVE002.WAV
3310	Tough Love (Edit 1).mp3
3311	Tough Love Edit2 (w Band).mp3
3312	Tough Love plus 6 (w Band).mp3
3313	Tough Love Score1.ptb
3314	Tough Love Score1.tab
3315	Tough Love.txt
3316	Tough Love ( Fast).mp3
3317	Tough Love (Fast, w Band2).mp3
3318	Tough Love (w Band).mp3
3319	Tough Love (w Band).WAV
3320	Tough Love Score1.ptb
3321	Tough Love Score1.tab
3322	Tough Love.txt
3323	Walking With Purpose (No Lead)1.mp3
3324	Walking With Purpose (Not-Mozyin').mp3
3325	WWP no acc..WAV
3326	wavn tab1.ptb
3327	wavn tab12ptb.ptb
3328	We're All Victims Now!.mp3
3329	Whammy - Jake Hamilton n Folks.wav
3330	Whammy - Jake Hamilton n Folks.wma
3331	WDYK  10 Master3.mp3
3332	WDYK  10 Speed.mp3
3333	WDYK Master2.mp3
3334	WDYK Newest.mp3
3335	WDYK RAPID 1.mp3
3336	WDYK RAPID2.mp3
3337	WDYK Rough Master1.mp3
3338	WDYK Tab1.ptb
3339	WDYK0001.WAV
3340	WDYK0002.WAV
3341	WDZK0001.WAV
3342	What Do You Know Edit 2.mp3
3343	What Do You Know Final.mp3
3344	What Do You Know.txt
3345	the-tomb.mp3
3346	the-tomb.wav
3347	Fleetwood Mac - Never Going Back Again (power tab) 1.ptb
3348	Fleetwood Mac - Never Going Back Again (Practice).ptb
3349	Fleetwood Mac - Never Going Back Again (tux1).tg
3350	A Maiden's Prayer.wav
3351	Aloof with the Dragon.ptb
3352	Aloof with the Dragon.txt
3353	Anastasia.ptb
3354	Anastasia.txt
3355	Ave Maria - Tab and Notation.pdf
3356	Ave Maria 1.mp3
3357	Ave Maria jam1.WAV
3358	Baby Girl1.mp3
3359	Blue Line Blues.ptb
3360	Blues Riff1.ptb
3361	Bob Dylan - Buckets Of Rain (power tab).ptb
3362	Brown Town.wav
3363	Buckets of Lead1.ptb
3364	BUS-LEAD - Copy.WAV
3365	C-F Piano track1.mp3
3366	Can't Make Love to Steely Dan.txt
3367	Changes - Dubya.mp3
3368	CHARLES2 NEW.wav
3369	Cheeze Keys1.WAV
3370	Chuck Berry - Johnny B Goode (power tab).ptb
3371	Country Stuff 110bpm.wav
3372	Country Stuff 90bpm.wav
3373	Dave Brubeck - Take Five (power tab).ptb
3374	F Lydian Practice tab1.ptb
3375	F Lydian tab2.ptb
3376	F Mixolydian1.ptb
3377	F Sharp Electric - Dubya.mp3
3378	Fade Away1.txt
3379	Filter the Choir.ptb
3380	filthy-habits-jake.ptb
3381	FIXST001.WAV
3382	Fleetwood Mac - Landslide (power).ptb
3383	Franz Schubert - Av Maria (Power).ptb
3384	free plug in for focusrite1.png
3385	Grunge Sci Fi1.WAV
3386	Gymnopedie.ptb
3387	Mr Guitar Man.txt
3388	Old Synco Jazz Thing1.ptb
3389	pract riff1.ptb
3390	Rat Boot redux Rewrite (Hopefully Temporary).ptb
3391	She - Brett.ptb
3392	Sir Charles.mp3
3393	Smoothy J Tunes.mp3
3394	snowball runs1.txt
3395	Sold - Dubya.mp3
3396	Stargazer Piano1.wav
3397	Steely Dan - Kid Charlemagne (power tab).ptb
3398	Steely Dan - Peg (power tab).ptb
3399	Steely Dan - Peg (PRAC1).ptb
3400	Steely Dan - Reelin In The Years (power tab).ptb
3401	Steely Dan - Reelin In The Years (PRACTICE1).ptb
3402	Steve Kimock - Tongue 'n Groove Tab1.ptb
3403	Summertime - Gershwin TAB1.ptb
3404	The Entertainer in Cmaj.ptb
3405	The Final Word Exp Tab1.ptb
3406	The Final Word Tab v2.ptb
3407	The Final Word Tab1.ptb
3408	The Final Word.txt
3409	The Real Scontch clipped.mp4
3410	Theme in C (inspired by Amazing Grace)1.png
3411	Travis Picking Pattern1 (Em to A).ptb
3412	WWP Not Mozyin - Dubya.mp3
3413	Amazing Grace web rip recording1.wav
3414	Amazing Grace`.ptb
3415	amazing_graceguit.gif
3416	Broke and Alone9.24.mid
3417	Broke and Alone9.24.ptb
3418	Bluesin' in C1.mp3
3419	Clave con Queso Aggressive Space1.wav
3420	Clave con Queso Finaclipper.wav
3421	Clave con Queso Final1.wav
3422	Clave es Loco6.24.18.wav
3423	Clave in Space 2.mp3
3424	ClaveTrump1.mid
3425	ClaveTrump1.tg
3426	El Queso in Space-o1.mp3
3427	MatadorDrums6.23.wav
3428	Bus Ride - Andrew midi.mid
3429	Bus Ride - Andrew Tab1.pdf
3430	E Blues Thing1.mid
3431	Early Morning Bus Ride.mp3
3432	Early Morning Bus w Andrew1.ptb
3433	Early Morning Bus1.ptb
3434	EMBR Andrew1 midi1.midi
3435	EMBR1.html
3436	Moon River Solo Replica Practice1.ptb
3437	Moon River Solo Replica1.mid
3438	Moon River Solo Replica1.ptb
3439	Moon River Solo tab1.ptb
3440	Moon River1.ptb
3441	MriverWav-old1.wav
3442	MriverWav.wav
3443	MriverWav2.mp3
3444	Ableton Manual1.pdf
3445	A Thing in D(POC).MP3
3446	Brett's Diddley New A endings1.ptb
3447	Brett's Diddley.ptb
3448	Educated Idiot (POC).MP3
3449	Band Profile Pic1.jpg
3450	julien profile1.jpg
3451	julien profile2.jpg
3452	P1030890.JPG
3453	P1030891.JPG
3454	P1030892.JPG
3455	P1030893.JPG
3456	P1030894.JPG
3457	P1030895.JPG
3458	P1030896.JPG
3459	P1030897.JPG
3460	P1030898.JPG
3461	P1030899.JPG
3462	P1030900.JPG
3463	P1030900.MOV
3464	P1030901.JPG
3465	P1030902.JPG
3466	P1030903.JPG
3467	P1030904.JPG
3468	P1030905.JPG
3469	P1030906.JPG
3470	P1030907.JPG
3471	Tough Love and G Spot - Brunch Box.mp4
3472	BOUNCIN J.wav
3473	Butt Crusties1.ptb
3474	CANDYLAND bass and drum1.wav
3475	Candyland bass tab1.ptb
3476	Candyland draft midi1.mid
3477	Candyland draft mp31.mp3
3478	Candyland full tab1.ptb
3479	CANDYLAND midi1 100bpm1.mp3
3480	Candyland practice tab midi1.mid
3481	Candyland practice tab1.ptb
3482	DISSONANCE drums.wav
3483	dreams from beyond.wav
3484	pirt bot m.mid
3485	PROGRESS.wav
3486	Butt Crusties - The Model Throttle.mp3
3487	Butt Crusties - The Model Throttle.WAV
3488	Butt Crusties acc midi2.mid
3489	Butt Crusties acc mp3.mp3
3490	Butt Crusties Drum1.WAV
3491	Butt Crusties Lead midi1.mid
3492	Butt Crusties Lead midi1.mp3
3493	Torrent downloaded from Demonoid.me.txt
3494	How To Open Nfo Files.txt
3495	air-reason4kgn.rar
3496	sibelius710-tutorials-en.pdf
3497	Info.txt
3498	Screenshot of Transcribe.png
3499	Transcribe Flyer.pdf
3500	Transcribe Video Tutorial - 5 minutes.flv
3501	Trial_reset.reg
3502	Anthem Drum w echo (From WAVN).WAV
3503	Dance-Trance Drum (From Aurora).WAV
3504	Med Speed Blues Drum.WAV
3505	Slodrum2.wav
3506	Slow Drum (from WDYK).WAV
3507	Slowdrum.WAV
3508	Two step sorta drum (From Mschief).WAV
3509	Ain't it Funny - DSS.WAV
3510	Bluesin' in C1.mp3
3511	BOV0T001.WAV
3512	DANCE001.WAV
3513	DTF-1000.WAV
3514	experiement 2.ptb
3515	Get it On - DSS.WAV
3516	MOZY-NOD.WAV
3517	No Memento - DSS (03).WAV
3518	No Memento experiment 1.ptb
3519	SOLD2001.WAV
3520	Song 3.ptb
3521	Song 4 - DSS.WAV
3522	song 6 (get it on).ptb
3523	walking bass line 1.ptb
3524	WWPNOD01.WAV
3525	A Month and a Half.mp3
3526	A Month and a Half.ptb
3527	amah1.ptb
3528	AMAH5002.WAV
3529	AMAH5003.mp3
3530	E SUITE SONG 1.ptb
3531	experiement 1.ptb
3532	song 5 exp1.wav
3533	Danslyrics.txt
3534	DTF-1000.mp3
3535	Danslyrics.txt
3536	Mozyin' edit 1.mp3
3537	MOZYIN04.WAV
3538	MOZYIN05.WAV
3539	Tough Love (Edit 1) mp3 bitches.mp3
3540	Bass1.WAV
3541	Drums1.WAV
3542	Lead Rhythm1.WAV
3543	Rhythm Guitar1.WAV
3544	Beatles - Blackbird (Power).ptb
3545	Frank Zappa - Echidnas Arf (Of You).ptb
3546	Frank Zappa - Inca Roads.ptb
3547	Frank Zappa - Peaches En Regalia PRACTICE1.ptb
3548	Frank Zappa - Peaches En Regalia.ptb
3549	GeneralUser GS v1.47.sf2
3550	Toto - Rosanna.ptb
3551	Yes - Clap.ptb
3552	Yes - Mood For A Day.ptb
3553	Yes - Roundabout.ptb
3554	Yes - Siberian Khatru tab.ptb
3555	BACH - Air D Major.pdf
3556	Claude Debussy - Claire De Lune.pdf
3557	Django Facebook.pdf
3558	Gymnopedie No. 1 - Erik Satie.pdf
3559	Gymnopedie No. 3 - Erik Satie.pdf
3560	Algorithms1.pdf
3561	DP-01_Manual_EN.pdf
3562	Kurzweil Effects and Stuff Reference.pdf
3563	ME 70 Boss Manual.pdf
3564	midi_basics_en_v10a.pdf
3565	VAST User Guide.pdf
3566	Yamaha Keyboard Manual.pdf
3567	1 3-Grunge Sci Fi1.mid
3568	120 HB 120 F5 P.mid
3569	140 Shuffle 140 A.mid
3570	140 Shuffle 140 F3 F (1).mid
3571	140 Shuffle 140 F3 F.mid
3572	15 beat chords.mid
3573	190 Do Biddley 190 01 A.mid
3574	2 3-Grunge Sci Fi1.mid
3575	Aggressive Space1.mid
3576	Am Melodic Chords1 - 9-4-14.mid
3577	AUD_AP6219AB.mid
3578	Babys Coming Home1.mid
3579	BirdLand.mid
3580	Blues Riff Attempt2.mid
3581	Blues Riff1.mid
3582	Blues Vamp (5.23).mid
3583	Bob Dylan - Buckets of Rain.mid
3584	Broken-Levers-tab-midi2.mid
3585	C Major Borrow chord practice3 (added to sec A).mid
3586	Capo on 3.mid
3587	CARIBEAN SALSA SORTA THING1.mid
3588	Chet Guitar 1.mid
3589	ChromatiJazz tab4.mid
3590	Circus Tab2 (Cut 3time theme a1).mid
3591	Clave Mohave.mid
3592	ClaveTrump1.mid
3593	Con Queso Bass1.mid
3594	Con Queso Trumpet1.mid
3595	COOL RIFF1.mid
3596	Country Man Can1.mid
3597	Danny Boy - My Version.ptb
3598	Dave Brubeck - Take Five (power tab).mid
3599	Dixie Sad1.mid
3600	Fleetwood Mac - Never Going Back Again Copy.mid
3601	Fleetwood Mac - Never Going Back Again.mid
3602	Fun Town 6 extend C midi1.mp3
3603	Fun Town5 short version2 midi.mid
3604	George Gershwin - Summertime (1).mid
3605	Glaciers MIDI.mid
3606	Gothic Twilight shifty.mid
3607	Gothic Twilight.mid
3608	happy_birthday.mid
3609	Harmony practice1.mid
3610	Haunting for Midi Exp1.mid
3611	Haunting Midi 4.5.18.mid
3612	Haunting tab for Midi Exp 4.5.mid
3613	How to Get A Wink From A Waitress band arrangement1.mid
3614	Irish - Danny Boy.mid
3615	Jazz Ice.mid
3616	Jazzy BCH.mid
3617	Joeys Song1.mid
3618	Joeys Song2.mid
3619	MAtadorRhythm2.mid
3620	MelancholyLove_drums1.mid
3621	Old Timey1.mid
3622	Old Timey2.mid
3623	Power Chord Pickin (110bpm, full)2.mid
3624	Procession Drums MIDI.mid
3625	Railroad Music travis pick in 4.mid
3626	Rat Boot redux Rewrite (Hopefully Temporary).mid
3627	Resurfaced Untitled Song 2.10.19.mid
3628	Riff Raff 4-beat Travis (8.8.19).mid
3629	Riff Raff1.mid
3630	Riff Raff2.mid
3631	riff rash 16q.mid
3632	riff rash_4q.mid
3633	River's Bend p2.mid
3634	Snowball Opening Chords midi4.26.mid
3635	Snowball Opening Chords v2 updated 5.20.17.mid
3636	Snowball Opening Chords v2 updated 6.4.17.mid
3637	SnowPad Music1.mid
3638	Somewhere Along the River.mid
3639	stargazer-128-drums.mid
3640	Strange Tears 8.1.18.mid
3641	SWEET E THANG1.mid
3642	T'MERSHI DUWEEN1.mid
3643	The Final Word Full Midi 4.26.mid
3644	The Haunting of Snowball.mid
3645	The Haunting of Snowball2.mid
3646	Tight Funk Riff1.mid
3647	Toto - Rosanna.mid
3648	Tough Love Revised Tab MIDI.mid
3649	Track 1.mid
3650	Tralfa BAss.mid
3651	Tralfa BAss2.mid
3652	Travis Pick Pattern D-C-G1.mid
3653	Walk With Me1(g1).mid
3654	Walk Wtih Me MID2.mid
3655	WalkWithMe_Main6.11.19).mid
3656	What Do You Know Tab1.mid
3657	What Do You Know Tab2.mid
3658	Whos_Loving_You.mid
3659	Wintertime.mid
3660	Yes - Siberian Khatru tab.mid
3661	ARemarkYouMade.mid
3662	Chameleon.mid
3663	chamelpart1.mid
3664	chamelpart2.mid
3665	Entertainer.mid
3666	JerrysBreakdown.mid
3667	lstarstab2.mid
3668	RomanticWarrior.mid
3669	WatermelonInEasterHay(2).mid
3670	WatermelonMan.mid
3671	WhatsNewInBaltimore.mid
3672	WhippingPost.mid
3673	baby coming home export.mid
3674	ChasingBangelNewMidi1.mid
3675	CityofNewOrleans.mid
3676	Entertainer.mid
3677	IllSeeYouInMyDreams.mid
3678	JerrysBreakdown.mid
3679	StLouisBlues.mid
3680	Vincent.mid
3681	track1.mid
3682	track10.mid
3683	track11.mid
3684	track2.mid
3685	track3.mid
3686	track4.mid
3687	track5.mid
3688	track6.mid
3689	track7.mid
3690	track8.mid
3691	track9.mid
3692	wild-onion-bass1.mid
3693	Frank Zappa - Echidnas Arf (Of You).mid
3694	Frank Zappa - Inca Roads.mid
3695	Frank Zappa - Peaches En Regalia PRACTICE1.mid
3696	WatermelonInEasterHay(2).mid
3697	WhatsNewInBaltimore.mid
3698	Animatrix In 5_4.mid
3699	Banjo2.mid
3700	Frank Zappa - Peaches En Regalia.mid
3701	NewOrleans.mid
3702	newRaff for TAB.mid
3703	THe Animatrix.mid
3704	Track 1.mid
3705	Weird BanjoMan.mid
3706	BCH9.8.19.mid
3707	ChasingBangelNewMidi1.mid
3708	NewBangles Keys.mid
3709	Country Drum Beat 120 BPM - DooleyDrums.com.mp3
3710	Country Drum Beat 120 BPM - DooleyDrums.com.wav
3711	Freeze Mecha Bangels.wav
3712	12 Mecha Bangels-2 (Freeze).wav
3713	BSD_102_FullTime_1-1.wav
3714	SRACK00.WAV
3715	SRACK001.WAV
3716	SRACK004.WAV
3717	SRACK005.WAV
3718	SRACK008.WAV
3719	TASRACK0.WAV
3720	Joeys Song1.mid
3721	Joey - Accp Sec1.mid
3722	Joey - Bass Sec1.mid
3723	Joey - Horns Sec1.mid
3724	Joey - Lead Sec1.mid
3725	0001 5-Audio-1.wav
3726	0001 5-Audio.wav
3727	0002 5-Audio.wav
3728	0004 5-Audio-1.wav
3729	0004 5-Audio.wav
3730	lorde-royals.mid
3731	lorderoyals.mid
3732	lordes4ever.mid
3733	lordes4me.mid
3734	lordes4me2.mid
3735	RoyalsMIDISet1.mid
3736	RoyalsMIDISet2.mid
3737	Riff Raff BLues Keys1.mid
3738	Riff Raff BLues Keys2.mid
3739	0001 6-Audio-1.wav
3740	0001 6-Audio.wav
3741	0001 Drums.wav
3742	0001 Shaker.wav
3743	0001 Swing Cymbals.wav
3744	0002 6-Audio.wav
3745	0002 Drums-1.wav
3746	0002 Drums.wav
3747	0002 Shaker-1.wav
3748	0002 Shaker.wav
3749	0002 Swing Cymbals-1.wav
3750	0002 Swing Cymbals.wav
3751	0003 Drums.wav
3752	0003 Shaker.wav
3753	0003 Swing Cymbals.wav
3754	0004 Drums.wav
3755	0004 Shaker.wav
3756	0004 Swing Cymbals.wav
3757	0006 Drums.wav
3758	0006 Shaker.wav
3759	0006 Swing Cymbals.wav
3760	Slow BCH.mid
3761	Clap Vinyl.wav
3762	Clave con Queso Finaclipper.wav
3763	Country Drum Beat 81ish BPM.mp3
3764	DI1_125_Stepper_1.wav
3765	DI1_130_Drums_Kick_Tom.wav
3766	DI1_150_Drums_Live.wav
3767	DI1_75_Onedrop.wav
3768	Freeze 7-Audio [2019-05-05 105112].wav
3769	Hihat 80sSpaceCraft Closed.wav
3770	Hihat FutureMPC Closed.wav
3771	Hihat FutureProof Closed.wav
3772	Kick 45 Vinyl 2.wav
3773	Kick 70s 1.wav
3774	Kick Big Sine.wav
3775	Ratboot Guitar Isolate.mp3
3776	Rim Clean Thin Res.wav
3777	Shaker 70s MPC.wav
3778	Shaker Live Vinyl.wav
3779	Snare Chrome Mono.wav
3780	Snare FatMattBreak 1.wav
3781	Snare Funk MPC 1.wav
3782	Straight_Rides_Beat_148.wav
3783	Swingin Dick Again 9.10.wav
3784	The Long Night (Extended Jam).wav
3785	TRACK003.WAV
3786	Tralfamador SkiescleanNylon LONG.wav
3787	UCF_120_The_Docks_Beat_Treated.wav
3788	10-10-Audio 2 (Freeze) 4 [2020-05-29 203915].wav
3789	5-Audio 1 [2019-10-09 094307].wav
3790	6-4-Audio 1 2 [2019-05-24 161647].wav
3791	6-6-6-Audio 3 (Freeze) 4 (Freeze) 5 [2020-05-26 154136].wav
3792	6-6-Audio 3 (Freeze) 4 [2019-10-12 103914].wav
3793	6-Audio 1 [2019-07-31 164607].wav
3794	6-Audio 1 [2019-07-31 164813].wav
3795	6-Audio 2 [2019-09-09 132939].wav
3796	6-Audio 7 (Freeze) [2019-11-01 174832].wav
3797	6-procession bells warped (Freeze) 3 [2019-10-31 021014].wav
3798	7-Audio 4 [2019-07-29 160627].wav
3799	7-Audio 4 [2019-11-01 042734].wav
3800	8-8-8-Audio 1 (Freeze) 2 3 [2020-05-03 030546].wav
3801	8-8-8-Audio 1 (Freeze) 2 3 [2020-05-03 030925].wav
3802	8-Audio 1 (Freeze) [2020-05-23 043501].wav
3803	8-Audio 1 [2019-09-26 153233].wav
3804	8-Audio 1 [2019-10-06 103712].wav
3805	8-Audio 1 [2020-05-01 182936].wav
3806	8-Audio 1 [2020-05-28 113359].wav
3807	8-Audio 4 [2019-09-10 095456].wav
3808	8-newRaff softPandG (Freeze) 2 [2019-08-01 094353].wav
3809	9-8-Audio 1 (Freeze) 5 [2020-05-24 195613].wav
3810	9-9-9-8-Audio 1 (Freeze) 3 (Freeze) 7 (Freeze) 8 [2020-05-25 200041].wav
3811	9-Audio 1 [2020-04-11 134746].wav
3812	9-Tlove-StartJam1 (Freeze) 2 [2019-05-11 175538].wav
3813	9-Tlove-StartJam1 (Freeze) 2 [2019-05-18 190640].wav
3814	beginning of new section [2019-06-13 180209].wav
3815	Glaciers Melt [2019-06-25 091908].wav
3816	keep [2019-06-13 180537].wav
3817	keep [2019-06-13 181232].wav
3818	kewl1 (Freeze) [2019-10-10 200243].wav
3819	MArching Song [2019-06-13 181753].wav
3820	Mystery Powder 1 [2019-06-29 015048].wav
3821	new-fingerything-cons (Freeze) [2021-11-28 161348].wav
3822	newRaff softPandG [2019-07-31 193701].wav
3823	note clip from 3face [2019-11-30 134510].wav
3824	Pre Chor [2019-08-20 101911].wav
3825	Pre Chor [2019-08-20 103158].wav
3826	Rec Out1 [2021-11-28 143049].wav
3827	Riff Rash Out 1 [2019-11-07 104402].wav
3828	serene outra [2019-09-14 152432].wav
3829	Swangin Dick [2019-07-27 165244].wav
3830	Twilight11.9 [2019-11-09 211020].wav
3831	what-a-guy [2021-11-28 145214].wav
3832	Wild Onion Diddy Steeple [2020-04-11 134605].wav
3833	WWM Horns 2 [2019-10-06 193607].wav
3834	Zeus Goes Down (Full1) [2019-06-13 200629].wav
3835	2 5-Audio-1-1.wav
3836	2 5-Audio-1.wav
3837	2CountryGuitarRhythm1.wav
3838	3 6-Audio-1.wav
3839	6-6-6-Audio 3 (Freeze) 4 (Freeze) 5 [2020-05-26 153413].wav
3840	6-Audio 1 [2019-11-30 134357].wav
3841	7-Audio 2 [2019-09-02 170857].wav
3842	8 7-Audio (Freeze).wav
3843	8-8-Chitty of Neworlens (Freeze) 4 6 [2019-12-05 210023].wav
3844	8-8-Sunken Garden In 5_4 (Freeze) 19 (Freeze) 21 [2019-04-28 164026].wav
3845	8-Audio 1 (Freeze) (Freeze) [2019-05-03 204955].wav
3846	8-Audio 1 [2019-11-30 140411].wav
3847	8-Audio 3 [2020-05-05 132832].wav
3848	Chorus1-1.wav
3849	Chorus_Accomp1.wav
3850	Country Drum Beat 120 BPM - DooleyDrums.com [2019-08-18 181704].wav
3851	Country Drum Beat 120 BPM - DooleyDrums.com [2019-11-01 015729].wav
3852	Deso2(Whistler) [2019-06-21 082942].wav
3853	Deso4_FunkMo2(PickPartsToKeeP) [2019-06-21 082942].wav
3854	Deso4_FunkMo3_Sauce [2019-06-21 082943].wav
3855	Deso4_FunkMo3_Sus [2019-06-21 082943]-1.wav
3856	Deso4_FunkMo3_Sus [2019-06-21 082943].wav
3857	Deso4_FunkMo6_ChorusHardMelt [2019-06-21 082945].wav
3858	Desolation1 [2019-06-21 082941].wav
3859	Good Morning Girl (Mecha)4.20 [2020-04-20 202006].wav
3860	Grunge Sci Fi1.wav
3861	Hollower20._1 [2019-07-31 070843].wav
3862	Hollower20._2 [2019-07-31 070843].wav
3863	Jazz Brushes-70bpm.wav
3864	mecha onion calculus 4.17 [2020-04-18 174610].wav
3865	mecha onion full band 4.17 [2020-04-18 175244].wav
3866	note clip from 3face [2019-11-30 131358].wav
3867	note clip from 3face [2019-11-30 134356].wav
3868	note clip from 3face [2019-11-30 135049].wav
3869	Ratboot Guitar Isolate [2019-06-21 054939].wav
3870	Record-to1 8 (Freeze) [2019-06-15 141222].wav
3871	RiversBend_Wave [2019-09-28 154212].wav
3872	Strange Tears Piano (Freeze).wav
3873	Synthetic Dreams mix1 (Freeze) [2019-12-02 032655].wav
3874	Synthetic Dreams mix2 (Freeze) [2019-12-02 032749].wav
3875	TheSeriousJam-SynthLead16m [2019-05-19 235444].wav
3876	TransChorusToVerse.wav
3877	Desolation (HQ original).wav
3878	Freeze 10-10-10-10-10-Audio 2 (Freeze) 4 (Freeze) 7 9 [2020-05-30 012919].wav
3879	Freeze 10-10-Audio 2 (Freeze) [2020-05-29 203944].wav
3880	Freeze 10-Audio [2020-05-29 201849].wav
3881	Freeze 10-whats the skinny picker [2020-06-02 181324].wav
3882	Freeze 10-whats the skinny picker [2020-06-02 181325].wav
3883	Freeze 5-6-Audio 1 [2019-11-24 093819].wav
3884	Freeze 5-Audio [2019-07-31 141810].wav
3885	Freeze 5-Audio [2019-09-05 200312]-1.wav
3886	Freeze 5-Lazy Star Freaky Yah4 [2019-10-09 094625].wav
3887	Freeze 5-not warped Big Buckets of Bernie Brains [2019-05-24 115610].wav
3888	Freeze 6-6-Audio 1-1 [2020-05-09 165408].wav
3889	Freeze 6-Audio [2019-07-15 003723].wav
3890	Freeze 6-Audio [2019-09-05 200312].wav
3891	Freeze 6-BluesVampWithLead [2019-07-10 131608].wav
3892	Freeze 6-Dreaming of Piano [2019-11-15 083508].wav
3893	Freeze 6-newRaffNormal [2019-07-31 195133].wav
3894	Freeze 6-TheLongNightSampler-WarpOn (Freeze) [2019-06-13 155929].wav
3895	Freeze 6-TheLongNightSampler-WarpOn (Freeze) [2019-06-13 160628].wav
3896	Freeze 7-Audio [2019-06-10 100345].wav
3897	Freeze 7-Audio [2019-07-29 160907].wav
3898	Freeze 7-Good Morning Girl (Mecha)4.20 [2020-04-20 202019].wav
3899	Freeze 7-Melancholy Departure [2019-07-27 003943].wav
3900	Freeze 7-Two One Two-95bpm [2019-05-19 235711]-1.wav
3901	Freeze 8-6-Audio 1 [2019-07-31 165831].wav
3902	Freeze 8-Audio [2019-07-05 044420].wav
3903	Freeze 8-Audio [2019-11-23 034140].wav
3904	Freeze 8-Audio [2019-11-24 085351].wav
3905	Freeze 8-Audio [2020-05-05 003229].wav
3906	Freeze 8-Audio [2020-05-05 132841].wav
3907	Freeze 8-Audio [2020-05-22 193124].wav
3908	Freeze 8-Audio [2020-05-23 043248].wav
3909	Freeze 8-gothic twilight grows up [2019-11-14 142307].wav
3910	Freeze 9-6-Audio 1-1 [2019-05-20 125340].wav
3911	Freeze 9-8-Audio 1 (Freeze) [2020-05-24 195727].wav
3912	Freeze 9-9-8-Audio 1 (Freeze) 3 (Freeze) [2020-05-24 201228].wav
3913	Freeze 9-9-9-8-Audio 1 (Freeze) 3 (Freeze) 7 (Freeze) [2020-05-25 200355].wav
3914	Freeze LazyStars_Out [2020-03-29 183430].wav
3915	Freeze Melancholy Lute [2019-07-19 100217].wav
3916	Freeze Melancholy Lute [2019-07-22 132906].wav
3917	Freeze Rec Out1 [2021-11-28 150501].wav
3918	Freeze Record-to2 [2019-06-15 134700].wav
3919	Freeze Riff Rash Out [2019-11-07 104907].wav
3920	spectrum.txt
3921	WDYK freeze good.wav
3922	10-whats the skinny picker 0010 [2020-06-02 181022].wav
3923	4-Audio 0001 [2019-08-08 231339].wav
3924	5-Audio 0001 [2019-09-28 005652].wav
3925	5-Audio 0001 [2019-10-09 093805].wav
3926	5-Audio 0001 [2019-10-23 022850].wav
3927	6-5-Audio 1 (Freeze) 0002 [2019-07-31 143917].wav
3928	6-9-DreamingOfLifeAlternate1 5 (Freeze) 0007 [2019-11-15 065817].wav
3929	6-Audio 0002 [2019-09-09 132215].wav
3930	6-Audio 0002 [2019-10-10 180240].wav
3931	7-7-Audio 1 (Freeze) 0002 [2019-05-19 194325].wav
3932	7-7-Audio 2 (Freeze) 0005 [2020-04-30 234713].wav
3933	7-7-Audio 2 (Freeze) 0005 [2020-04-30 234717].wav
3934	7-7-Audio 2 (Freeze) 0007 [2020-04-30 235041].wav
3935	7-Audio 0001 [2019-06-10 200120].wav
3936	7-Audio 0001 [2019-07-14 113125].wav
3937	7-Audio 0001 [2019-09-28 144835].wav
3938	7-Audio 0001 [2020-04-16 161806].wav
3939	7-Audio 0001 [2020-04-16 161922].wav
3940	7-Audio 0002 [2019-09-02 170213].wav
3941	7-Audio 0005 [2019-09-28 151655].wav
3942	7-mecha onion full band 4.17 (Freeze) 0003 [2020-04-19 130102].wav
3943	7-Melancholy Departure (Freeze) 0004 [2019-07-27 114845].wav
3944	7-newRaffNormal (Freeze) 0003 [2019-08-01 104054].wav
3945	7-Ride 100 pattern 02 0004 [2019-06-26 065646].wav
3946	8-8-8-Audio 1 (Freeze) 2 0005 [2020-05-04 151834].wav
3947	8-Audio 0001 [2019-09-26 151729].wav
3948	8-Audio 0001 [2019-10-05 185743].wav
3949	8-Audio 0001 [2019-10-06 101622].wav
3950	8-Audio 0001 [2019-11-09 195524].wav
3951	8-Audio 0001 [2019-11-23 033429].wav
3952	8-Audio 0001 [2020-04-22 171807].wav
3953	8-Audio 0001 [2020-05-23 041119].wav
3954	8-Audio 0002 [2020-05-05 131140].wav
3955	8-Audio 0003 [2020-05-05 131154].wav
3956	8-Audio 0005 [2020-05-05 002615].wav
3957	8-gothic twilight grows up 0001 [2019-11-14 141605].wav
3958	8-newRaff softPandG (Freeze) 0002 [2019-08-01 085541].wav
3959	9-9-8-Audio 1 (Freeze) 3 (Freeze) 0007 [2020-05-24 200830].wav
3960	9-9-9-8-Audio 1 (Freeze) 3 (Freeze) 7 (Freeze) 0008 [2020-05-25 195306].wav
3961	9-9-9-8-Audio 1 (Freeze) 3 (Freeze) 7 (Freeze) 0009 [2020-05-25 195754].wav
3962	9-9-DreamingOfLifeAlternate1 5 (Freeze) 0006 [2019-11-11 122902].wav
3963	bootheel outtake1.wav
3964	desolation original full jam1.wav
3965	explain me this please original.wav
3966	good morning girl mecha (1).wav
3967	good morning girl mecha (2).wav
3968	good morning girl mecha (3).wav
3969	good morning girl mecha (4).wav
3970	Heavy Blues Strut (fluid improv keyboard lead).wav
3971	LazyStars_Out 0004 [2020-03-29 182708].wav
3972	Leaning on the Windowsill REcording.wav
3973	March.wav
3974	Melancholy Departure Original Recording1.wav
3975	Mystery Powder 0001 [2019-06-29 014355].wav
3976	ratbot-jams-5.9.2020 (1).wav
3977	ratbot-jams-5.9.2020 (2).wav
3978	ratbot-jams-5.9.2020 (3).wav
3979	ratbot-jams-5.9.2020 (4).wav
3980	ratbot-jams-5.9.2020 (6).wav
3981	ratbot-jams-5.9.2020 (7).wav
3982	Rec Out1 0001 [2021-11-28 135611].wav
3983	Record-to1 0003 [2019-06-13 140323].wav
3984	Riff Rash Out 0001 [2019-11-07 103835].wav
3985	skinny 529 rec1.wav
3986	skinny 529 rec2 - quiet leads.wav
3987	skinny pickers 529 (1).wav
3988	skinny pickers 529 (2).wav
3989	skinny pickers 529 (3).wav
3990	WWM Horns 0002 [2019-10-06 192723].wav
